Time(s),CTSresistance,MeanArterialPressure(mmHg),HeartRate(1/min),SystolicArterialPressure(mmHg),DiastolicArterialPressure(mmHg),CardiacOutput(L/min),CentralVenousPressure(mmHg),TidalVolume(mL),TotalLungVolume(L),RespirationRate(1/min),OxygenSaturation,CoreTemperature(degC)
0.06,0.0649,96.0618,77.6473,110.5903,74.6798,5.1726,4.2304,557.1759,2.4206,16.8875,0.98,36.9
0.12,0.0695,94.5465,71.2113,112.2233,72.7061,5.5995,3.7168,515.3203,2.542,16.8408,0.9784,36.9
0.16,0.0636,96.7363,75.1707,110.7259,76.1544,5.5279,4.0662,554.0638,2.2284,15.5781,0.9813,36.9
0.22,0.0595,92.3863,73.9577,116.1478,75.3682,5.9638,3.9604,569.9626,2.4099,15.8046,0.9782,36.9
0.26,0.0687,95.5104,75.6271,111.9883,76.1168,5.9164,4.4863,626.3194,2.2362,16.5403,0.9789,36.9
0.32,0.068,92.82,68.3896,105.8052,73.9852,5.7057,3.9346,455.8854,2.1982,17.0958,0.9746,36.9
0.36,0.0746,98.9219,72.9391,117.1093,76.6056,5.7693,3.8556,522.002,2.5896,16.2721,0.9797,36.9
0.42,0.063,96.5482,72.3969,118.1597,73.9886,5.8868,3.6918,492.0011,2.6356,16.6731,0.9764,36.9
0.46,0.0665,96.4282,74.2564,112.8966,75.4569,5.9692,3.9674,405.5311,2.2198,16.7917,0.9774,36.9
0.52,0.0602,96.5039,72.5336,117.9308,73.5996,5.5481,3.5808,468.5991,2.1612,16.3849,0.9827,36.9
0.56,0.0574,93.6232,75.2036,105.2446,73.0549,5.7399,3.9319,522.4224,2.0795,16.4145,0.9763,36.9
0.62,0.0736,94.3489,68.2256,110.1602,75.3534,5.9861,4.7936,461.3073,2.245,15.8637,0.9795,36.9
0.66,0.0655,93.6931,72.7535,114.4896,73.6106,5.8078,3.8045,504.6598,2.271,16.2954,0.9792,36.9
0.72,0.0589,95.9636,79.2075,110.685,75.4487,5.8676,3.7823,457.4566,2.2359,17.0084,0.9797,36.9
0.76,0.0722,92.7578,78.1379,118.3198,76.6813,5.5211,3.8198,527.3338,2.4237,17.1357,0.9766,36.9
0.82,0.0745,92.4613,77.5265,114.031,73.8168,5.9281,4.2315,452.0756,2.5811,16.3306,0.9772,36.9
0.86,0.0748,91.8606,72.6015,112.3035,73.994,5.6688,3.8259,444.0836,2.4516,16.3378,0.9731,36.9
0.92,0.0646,95.9653,70.0566,107.4078,73.3542,5.805,4.323,504.9588,2.6054,15.9204,0.9765,36.9
0.96,0.0566,94.8778,70.5926,109.8949,77.3062,6.1205,3.3313,438.4828,2.4775,16.8096,0.9775,36.9
1.02,0.0784,98.8836,72.4797,112.9588,73.161,5.162,4.3379,490.3469,2.3555,16.2918,0.9764,36.9
1.06,0.072,91.1347,69.7184,121.5704,74.8856,5.5806,3.7488,575.2143,2.1792,16.9539,0.9794,36.9
1.12,0.0527,94.4901,74.147,113.3115,74.4807,6.1179,4.119,563.8599,2.3763,16.1562,0.9749,36.9
1.16,0.0583,93.2925,64.6769,107.7391,73.8053,5.3654,4.2544,494.921,2.7589,16.0982,0.9761,36.9
1.22,0.0698,95.9089,72.2607,116.9975,73.8732,5.6413,3.8056,470.7463,2.341,16.1144,0.976,36.9
1.26,0.0646,96.7208,71.0016,113.6021,74.6459,6.0477,3.6063,497.9606,2.5529,16.8458,0.9752,36.9
1.32,0.0715,93.1108,70.1089,116.507,73.9394,5.9295,3.7787,432.7352,2.3153,16.7317,0.9783,36.9
1.36,0.0588,88.7923,75.1427,112.4448,72.0402,5.4791,3.5662,522.8844,2.5001,17.4399,0.9821,36.9
1.42,0.0597,97.2265,67.5858,116.4942,73.9932,5.4794,3.9809,447.5362,2.5262,15.8948,0.9802,36.9
1.46,0.0699,89.7284,72.5882,108.4478,72.1244,6.0788,3.6974,478.7677,2.8887,17.0919,0.9765,36.9
1.52,0.0702,95.4332,70.471,114.2526,74.7362,5.7067,4.028,504.814,2.3612,16.4513,0.9805,36.9
1.56,0.0739,98.724,72.7985,111.1071,72.7086,6.1432,4.204,468.5893,2.6766,16.0741,0.9761,36.9
1.62,0.0592,94.3969,72.6828,115.5654,75.5803,6.0778,3.9891,557.8185,2.6982,14.8589,0.9785,36.9
1.66,0.0569,96.1873,76.0742,112.8289,74.7627,5.7198,3.6686,488.8579,2.3174,16.2607,0.9822,36.9
1.72,0.0631,91.2539,72.5266,111.1452,74.7397,5.2814,3.7787,531.1602,2.4586,16.5,0.9777,36.9
1.76,0.0706,95.8555,74.1874,114.6763,73.867,5.7589,4.3567,478.8492,2.8562,16.3099,0.9735,36.9
1.82,0.0724,98.0967,72.714,114.3383,74.5752,6.0264,4.4937,508.648,2.8672,17.0243,0.9811,36.9
1.86,0.0623,92.9633,68.7229,110.6034,74.3735,6.2477,3.8986,549.967,2.8214,16.207,0.9793,36.9
1.92,0.0645,99.9952,79.1922,115.3143,76.0658,5.3309,3.785,478.067,3.019,16.7457,0.978,36.9
1.96,0.0736,98.4387,71.5476,112.1434,75.4,6.0699,3.7675,439.1477,2.7073,17.7114,0.9809,36.9
2.02,0.0684,92.9219,73.0245,112.2565,75.1165,5.2784,3.7752,486.8995,2.5585,16.2188,0.9757,36.9
2.06,0.0658,95.1741,70.3133,116.025,75.6239,5.9515,3.5648,519.1375,3.0504,16.7097,0.9805,36.9
2.12,0.0838,95.0269,73.9124,114.6444,73.4588,5.5935,4.3602,447.781,2.8307,16.4794,0.9762,36.9
2.16,0.0734,101.6907,71.7488,117.5788,76.1968,5.5596,3.6137,354.0924,2.7,16.2928,0.9748,36.9
2.22,0.0776,99.7262,62.4364,113.2973,76.6241,6.2768,3.9359,392.4024,2.954,15.6981,0.9777,36.9
2.26,0.0649,99.759,67.1846,110.4793,74.107,6.092,4.0663,492.1272,3.0402,16.7182,0.9781,36.9
2.32,0.0565,97.118,77.8615,119.1619,74.7577,5.743,3.0614,523.7098,2.7752,16.5069,0.9812,36.9
2.36,0.0533,92.9693,72.3585,112.9701,74.9486,5.7776,3.7279,524.9027,3.1055,16.1205,0.9775,36.9
2.42,0.0633,96.3347,66.5369,107.6244,74.4176,5.7545,3.7042,513.4626,2.2919,15.9215,0.9784,36.9
2.46,0.061,98.7839,69.9821,107.6532,76.2003,5.9637,3.5697,540.7671,2.5268,16.3197,0.9757,36.9
2.52,0.0654,95.3968,72.4263,114.2059,72.989,5.7168,4.0046,417.3614,2.7694,17.4055,0.9779,36.9
2.56,0.0608,95.2767,75.7561,108.7222,76.3771,5.4264,3.3992,475.3257,2.3118,16.4185,0.9795,36.9
2.62,0.0666,92.6792,73.6561,115.6714,75.5336,5.8712,3.8818,504.1836,2.7244,16.2919,0.9791,36.9
2.66,0.0644,97.4422,80.7511,114.5651,75.2466,5.9193,3.6714,485.3398,2.4227,16.3378,0.9776,36.9
2.72,0.0685,100.1189,70.3723,115.5189,73.6919,5.4173,3.8411,383.4657,2.3764,15.1789,0.9769,36.9
2.76,0.0665,92.3861,80.2479,115.1495,76.0184,5.8763,3.8623,453.8288,2.5355,16.5124,0.9773,36.9
2.82,0.0671,93.5555,66.75,110.0531,76.4458,5.891,3.7364,488.6597,2.5004,17.2337,0.98,36.9
2.86,0.0714,97.8494,69.5735,105.1421,73.3391,5.9434,3.3562,375.6177,2.4983,16.6667,0.9773,36.9
2.92,0.063,96.4284,68.3725,109.0707,74.7234,5.4659,4.3173,470.4983,2.8045,16.3797,0.9809,36.9
2.96,0.0573,91.9601,68.0556,120.4341,75.3242,6.1533,3.917,358.7026,2.1119,16.5116,0.9795,36.9
3.02,0.0578,95.4831,80.1142,109.7858,73.7966,5.4196,3.6101,537.2717,2.4036,16.9718,0.9793,36.9
3.06,0.0597,94.468,77.3355,108.1495,75.4634,5.6391,3.675,455.0907,2.3781,16.8065,0.9778,36.9
3.12,0.0536,94.2782,65.6914,116.9342,74.4945,6.0263,4.0195,467.057,2.3094,16.8902,0.9809,36.9
3.16,0.0679,98.7895,71.4032,113.5707,73.7584,5.0767,3.6967,466.1014,2.398,16.74,0.9779,36.9
3.22,0.0699,95.2697,71.7508,117.1991,75.0945,5.7118,3.6787,411.0812,2.3747,16.4189,0.9777,36.9
3.26,0.0736,95.5402,69.432,115.1427,74.8354,5.8515,3.9811,517.2486,2.4281,17.2959,0.9744,36.9
3.32,0.0698,97.2212,83.5235,102.1135,75.0177,6.0218,3.9054,525.0138,2.5538,16.3393,0.9784,36.9
3.36,0.0709,98.4038,83.8421,120.5505,74.3283,5.9916,4.0154,431.4162,2.4174,16.1947,0.9762,36.9
3.42,0.0711,95.5056,73.7474,111.9588,75.1408,5.6053,4.1192,364.8661,2.6214,16.775,0.9785,36.9
3.46,0.0714,97.2277,72.4494,115.4169,75.5901,5.5437,4.1747,505.6904,2.4295,16.8672,0.9764,36.9
3.52,0.0679,93.2705,73.5835,104.3065,76.632,5.9429,3.7241,507.1603,2.3446,17.1428,0.98,36.9
3.56,0.0632,93.0334,70.0327,113.482,74.8712,6.0681,4.0494,434.3564,2.6696,16.2364,0.9788,36.9
3.62,0.0613,92.7941,67.1616,118.1022,75.3053,5.6918,3.8412,536.5054,2.3038,14.9126,0.9775,36.9
3.66,0.0798,97.1756,74.6765,117.2217,72.8678,5.6434,3.5207,543.877,2.023,16.3204,0.9743,36.9
3.72,0.0679,95.0913,77.3451,113.699,72.3968,5.561,4.0144,492.7304,2.4618,16.4733,0.9801,36.9
3.76,0.0581,93.6901,74.7563,115.2723,72.2269,5.9825,3.9903,569.0375,2.2311,17.4216,0.9755,36.9
3.82,0.0726,93.7918,71.1717,117.3067,76.3419,5.5737,3.6862,487.4816,2.6451,16.1173,0.9798,36.9
3.86,0.0676,96.9534,68.4035,118.1385,71.4626,5.8208,4.2383,448.7759,2.5299,15.7528,0.9795,36.9
3.92,0.0742,95.2715,75.3042,109.9273,76.1146,5.6783,4.0958,468.336,2.7154,17.1446,0.9807,36.9
3.96,0.0779,96.7548,70.8035,111.7052,71.9215,6.3114,3.5515,419.4272,2.3412,17.2175,0.9782,36.9
4.02,0.0689,94.6255,66.3633,111.2001,73.6337,6.0268,4.1306,392.2571,2.5089,16.3163,0.9787,36.9
4.06,0.0715,93.0864,76.7316,112.8168,75.8237,6.0305,4.7983,502.8937,2.244,15.7826,0.9763,36.9
4.12,0.0756,91.9207,70.0997,109.3323,73.8985,5.9612,3.898,521.7292,2.4999,17.1132,0.9747,36.9
4.16,0.0599,94.1464,68.4147,113.5385,75.4441,5.5107,3.984,407.3964,2.4809,15.9257,0.978,36.9
4.22,0.0642,94.0503,69.4404,114.8501,74.3294,6.1292,4.0405,507.3911,2.2657,16.6699,0.9718,36.9
4.26,0.06,92.097,71.2868,113.4822,75.7105,5.0744,4.26,437.9463,2.4226,16.7178,0.9802,36.9
4.32,0.0615,96.5938,74.5664,111.255,76.8722,5.8212,3.6474,520.6807,2.8055,16.997,0.9779,36.9
4.36,0.0691,97.5326,73.743,108.3307,72.5247,5.509,4.285,557.4062,2.3369,16.6612,0.9824,36.9
4.42,0.0652,94.0665,71.0285,116.0147,76.1433,5.8344,4.2501,437.157,2.2549,16.9054,0.9743,36.9
4.46,0.0595,95.3421,70.8626,110.0796,73.9709,5.4165,4.1418,531.4645,2.1585,16.4746,0.9768,36.9
4.52,0.0668,90.7914,64.0763,109.9452,73.3289,5.9585,4.3902,529.0077,2.3713,16.4861,0.9714,36.9
4.56,0.0642,93.766,72.0241,114.4611,74.9429,5.6405,3.9663,469.3582,2.2869,15.7966,0.9763,36.9
4.62,0.0666,96.3788,77.4929,116.5954,75.6651,6.1692,3.8697,468.6255,2.5815,16.4029,0.9764,36.9
4.66,0.0707,94.7653,69.0888,111.2617,74.0437,5.6658,3.5634,506.701,2.2624,16.6832,0.9742,36.9
4.72,0.0552,94.9553,76.428,122.9513,71.4169,5.8407,3.8146,428.8871,2.3431,16.4771,0.9744,36.9
4.76,0.0755,95.584,68.9188,112.0217,76.0568,5.6897,3.8036,472.4028,2.4582,16.4966,0.9756,36.9
4.82,0.0684,94.3089,72.6443,116.1829,71.8658,5.8767,4.0007,522.8451,2.7936,16.5714,0.9799,36.9
4.86,0.064,92.855,70.7641,110.553,75.9984,5.9994,4.1384,457.802,2.3476,16.9441,0.9806,36.9
4.92,0.0542,94.7499,70.0345,114.0382,75.279,6.0462,3.4246,406.1447,2.8226,16.4745,0.9787,36.9
4.96,0.0595,95.0054,72.328,115.7901,75.1745,6.05,4.4691,430.2918,2.2357,16.725,0.9836,36.9
5.02,0.062,95.5822,73.9038,115.3781,72.3295,6.1355,3.7005,469.271,2.5363,16.0752,0.9769,36.9
5.06,0.0692,99.6241,78.5082,113.3797,75.0472,5.5652,3.2676,362.6351,2.6727,16.3753,0.9766,36.9
5.12,0.0577,96.219,72.3873,114.9561,74.9673,5.3041,3.6322,528.1252,2.4068,17.1102,0.9785,36.9
5.16,0.0581,94.2361,69.0717,113.4913,75.2141,5.787,3.7428,484.942,2.6699,15.5473,0.9766,36.9
5.22,0.0578,96.0503,63.1065,115.0972,75.4318,5.4448,3.6969,489.1888,2.754,16.6149,0.9802,36.9
5.26,0.064,97.7432,76.4677,119.7015,74.0355,5.7183,4.4139,409.6162,2.5895,17.1144,0.9774,36.9
5.32,0.0727,93.3128,79.5305,115.34,72.8655,5.7927,4.2476,475.9921,2.5319,16.716,0.9795,36.9
5.36,0.0641,95.222,70.4336,112.4001,72.3727,5.5909,3.8657,483.729,2.9199,16.5919,0.9815,36.9
5.42,0.0641,95.0076,70.4668,114.1663,76.6508,5.8806,4.2631,425.1093,2.7876,15.6737,0.981,36.9
5.46,0.0622,95.6233,66.9402,113.3498,74.3239,5.1502,3.4223,479.4061,2.6075,17.5771,0.9765,36.9
5.52,0.0736,97.0131,69.0229,115.3408,74.303,5.2355,3.951,407.3192,2.7644,15.7021,0.9781,36.9
5.56,0.068,99.2247,62.9671,113.3937,72.2684,6.1272,3.8018,516.4683,3.0967,16.7655,0.9779,36.9
5.62,0.0674,93.1022,73.258,114.74,74.7529,5.5585,3.7364,603.2733,2.76,16.9772,0.9761,36.9
5.66,0.0662,97.5083,71.2742,110.287,75.6339,6.0568,3.7104,464.1425,2.7243,16.3284,0.9779,36.9
5.72,0.0643,99.748,79.511,114.3542,74.5861,5.4657,3.8161,453.5237,2.8494,16.1812,0.9769,36.9
5.76,0.0728,94.5145,67.1296,112.6109,75.4784,5.875,3.5087,599.172,3.0352,17.4821,0.9749,36.9
5.82,0.0774,96.4586,71.6706,112.8274,74.7525,6.2277,3.9571,490.2226,2.9769,16.4445,0.976,36.9
5.86,0.0652,94.6058,66.6218,111.7564,74.4122,5.9428,3.9535,497.3276,2.8823,16.2979,0.9799,36.9
5.92,0.0623,95.6508,69.0459,115.3039,75.3826,6.2127,4.5111,441.8966,3.02,16.2507,0.9775,36.9
5.96,0.0652,99.11,73.4657,114.9323,74.87,5.6792,3.8391,501.7908,2.7046,17.1109,0.977,36.9
6.02,0.0566,98.4259,74.8194,112.231,73.963,6.1413,4.2114,402.056,2.7911,16.3163,0.9786,36.9
6.06,0.0566,99.5321,69.1849,108.7204,75.9498,5.9978,3.4134,573.3394,2.5431,16.077,0.9766,36.9
6.12,0.0652,88.6367,71.0629,114.4655,71.9654,5.3155,4.0465,464.1626,3.1194,16.4358,0.9756,36.9
6.16,0.0675,93.558,77.2098,117.8112,72.128,5.489,4.0284,551.0335,2.3897,16.5404,0.98,36.9
6.22,0.0711,94.7297,69.661,121.3276,70.9867,5.9852,3.9574,547.4118,2.4856,15.6512,0.9789,36.9
6.26,0.067,94.3992,73.8025,113.57,78.2266,5.7677,4.2343,507.7454,2.7288,16.8059,0.974,36.9
6.32,0.0735,95.0573,71.8455,112.4588,72.1589,5.8707,4.2823,452.5092,2.4612,15.4339,0.9817,36.9
6.36,0.0689,92.6769,68.7027,115.1878,72.1452,5.546,3.8459,500.3481,2.5614,16.8528,0.9785,36.9
6.42,0.075,95.4005,67.1242,112.4684,74.8745,5.8781,3.8073,555.7405,2.5793,16.735,0.9778,36.9
6.46,0.0719,94.0999,72.9325,114.4961,74.913,5.7725,4.2699,501.5214,2.8317,15.2756,0.9792,36.9
6.52,0.0717,97.2142,71.4814,114.4342,74.6096,5.7677,4.0465,464.2465,2.4365,16.0916,0.9805,36.9
6.56,0.0707,98.9867,72.0995,109.0234,74.3568,5.9172,4.0469,478.1042,2.4695,16.3843,0.9755,36.9
6.62,0.0571,93.5138,72.9276,118.525,75.4755,5.7966,4.1388,464.5897,2.6819,16.473,0.9814,36.9
6.66,0.0713,95.4344,63.9505,115.9737,74.7027,5.8564,3.7721,359.9188,2.4063,16.2156,0.9774,36.9
6.72,0.0628,97.108,70.9507,119.6203,75.3455,5.5296,4.0097,523.615,2.6521,16.0667,0.9744,36.9
6.76,0.0652,96.0187,71.9252,112.9524,74.2048,6.0726,3.8178,522.0478,2.4624,17.3652,0.98,36.9
6.82,0.089,98.298,75.7325,115.2681,75.261,5.7095,4.0908,483.2051,2.6472,16.4323,0.9782,36.9
6.86,0.0636,95.255,71.5996,115.523,76.5596,5.5675,4.0255,464.1949,2.2994,16.8279,0.9756,36.9
6.92,0.0615,98.3272,64.0841,114.3739,73.528,5.3258,4.0144,485.1309,2.4158,17.6733,0.9815,36.9
6.96,0.0652,96.9161,74.816,119.138,73.5822,5.9311,4.4827,525.8636,2.1541,15.8278,0.9785,36.9
7.02,0.0647,99.3675,73.198,112.5172,73.3614,5.4896,3.7818,510.8718,2.5993,16.6548,0.9825,36.9
7.06,0.0749,98.7664,82.192,115.838,74.6715,5.38,3.6031,438.6826,2.5782,15.7634,0.9803,36.9
7.12,0.0681,96.0447,67.1347,112.9786,77.432,5.8883,3.7021,436.8207,2.2888,17.4432,0.9795,36.9
7.16,0.055,94.8438,77.0001,113.2571,75.0651,6.0517,3.4985,478.753,2.4463,17.5647,0.9806,36.9
7.22,0.0644,96.2616,73.592,117.8745,74.6727,5.2158,3.8451,449.035,2.416,16.5503,0.9792,36.9
7.26,0.0668,97.8844,69.6968,108.3285,74.2212,6.2233,3.8169,542.0821,2.319,16.541,0.9794,36.9
7.32,0.0668,96.1307,68.1792,109.8537,75.6396,5.4393,3.8675,509.6556,2.5929,17.5527,0.98,36.9
7.36,0.07,93.836,79.3108,114.1115,76.2441,5.853,4.4187,550.9786,2.2694,17.0601,0.9752,36.9
7.42,0.0719,96.3103,66.5421,115.5783,73.9443,6.0912,4.3988,476.9985,2.5854,16.9219,0.9763,36.9
7.46,0.0751,93.9108,68.3571,112.3064,73.2695,5.9131,3.7133,508.8678,2.5223,16.938,0.9775,36.9
7.52,0.0667,93.4951,68.3496,117.8418,75.2506,5.9859,3.9057,454.3224,2.427,17.1011,0.9744,36.9
7.56,0.0569,97.2191,78.0956,117.925,73.9748,6.0785,4.0052,405.4139,2.3912,15.5177,0.9789,36.9
7.62,0.0674,96.7112,71.0942,116.0897,73.6924,5.7392,3.7548,467.7358,2.7247,16.8709,0.9764,36.9
7.66,0.0739,95.4627,76.2231,111.9221,74.3136,5.6784,3.9142,431.22,2.4509,16.6964,0.9744,36.9
7.72,0.0665,98.2478,73.4463,117.1173,76.1501,5.3443,3.6429,488.2233,1.9791,16.6788,0.981,36.9
7.76,0.0633,92.9983,65.0535,111.3209,75.256,6.0121,3.8448,530.5366,2.2627,16.2809,0.9735,36.9
7.82,0.0769,97.5968,66.7306,110.8437,75.9582,5.6004,3.9565,414.3611,2.3162,16.5578,0.9757,36.9
7.86,0.0673,93.1758,73.2225,102.4272,73.3105,5.0187,4.2323,491.8968,2.2804,16.5859,0.9795,36.9
7.92,0.0646,93.9884,63.9087,109.429,72.6523,5.824,4.2631,452.2022,2.3744,16.2724,0.9768,36.9
7.96,0.071,97.5485,62.9204,117.9411,74.8283,5.9163,3.8204,506.8199,2.3542,17.1915,0.9736,36.9
8.02,0.0643,92.5536,65.6171,110.6441,74.3094,5.9066,4.0951,478.0132,2.5798,15.7735,0.976,36.9
8.06,0.0689,95.8668,73.1961,113.054,75.5143,5.7688,4.1081,370.2448,2.7418,16.6986,0.9783,36.9
8.12,0.0736,96.2387,68.3917,116.4013,76.4011,5.3876,4.0001,482.8385,2.3142,17.0164,0.9758,36.9
8.16,0.0657,95.6179,69.7621,116.9177,74.9632,6.4089,3.5853,585.2522,2.0766,16.1117,0.9771,36.9
8.22,0.0663,98.4965,74.0466,115.7861,75.3464,6.0695,4.2481,462.3794,2.6487,16.3008,0.9756,36.9
8.26,0.068,94.2692,76.8807,113.6063,73.892,5.4013,3.785,498.8038,1.9604,16.8555,0.9781,36.9
8.32,0.0694,98.2454,71.8553,113.4197,76.6972,5.8341,3.6892,514.2966,2.2521,16.3142,0.9753,36.9
8.36,0.0711,93.9312,77.2434,114.6121,77.4393,6.2883,3.475,546.5728,2.4566,16.7357,0.979,36.9
8.42,0.0667,96.9906,76.414,115.9544,73.271,6.0521,3.5078,540.098,2.2356,17.2428,0.9833,36.9
8.46,0.0542,96.4834,70.7889,114.9405,73.5533,5.3681,4.3378,481.6942,2.3075,17.3362,0.9798,36.9
8.52,0.0693,97.0737,64.4768,112.5734,77.7918,5.8147,3.8857,451.7864,2.7346,16.0053,0.9768,36.9
8.56,0.0655,93.8051,75.1494,115.0394,74.5401,4.8621,4.442,418.8426,2.3143,16.9058,0.98,36.9
8.62,0.0696,92.0308,74.6298,114.3384,69.9951,6.4476,4.1795,441.0421,2.4353,16.7365,0.9817,36.9
8.66,0.0767,96.8553,73.2952,115.9989,73.3928,5.707,3.952,497.8175,2.6292,16.2182,0.9805,36.9
8.72,0.0543,98.5847,72.9124,112.7298,73.1473,6.0649,3.8062,491.4266,2.6487,16.0811,0.9807,36.9
8.76,0.067,96.2607,72.7269,116.8556,76.6633,6.2467,3.7268,491.3385,2.5565,16.5265,0.9767,36.9
8.82,0.0689,96.8307,72.2403,112.192,72.2799,5.6303,3.7761,491.5309,2.7862,15.4158,0.9783,36.9
8.86,0.0621,96.7159,69.0804,111.4581,75.6468,5.6405,3.599,547.8675,2.7247,16.321,0.9769,36.9
8.92,0.0586,93.2136,69.7967,117.8108,76.1775,6.3036,4.0508,458.1411,2.7213,16.5969,0.9769,36.9
8.96,0.0603,98.7412,71.4343,111.1303,74.3682,5.7719,3.716,541.7144,2.5538,15.2547,0.9762,36.9
9.02,0.0676,91.1513,75.0148,111.0035,76.0962,5.8954,4.0285,520.8419,2.5546,16.8169,0.9783,36.9
9.06,0.0689,94.3526,71.6894,110.2885,74.931,5.6875,4.3942,458.508,2.7531,16.0983,0.9783,36.9
9.12,0.0671,99.9902,62.3688,114.9056,75.4391,5.367,3.9456,543.9705,2.8069,16.1538,0.9794,36.9
9.16,0.0695,97.631,73.0494,117.9646,73.6726,5.7915,3.689,400.4569,2.8124,16.5833,0.9776,36.9
9.22,0.0663,94.044,71.4588,111.669,74.0793,5.7337,3.6832,434.887,2.8802,16.7766,0.9763,36.9
9.26,0.0775,95.5815,72.158,117.7686,76.2548,6.0779,4.2338,583.1125,2.9647,16.2756,0.9778,36.9
9.32,0.0558,94.601,73.0502,114.8651,74.5049,5.7673,3.6504,486.1258,2.9077,16.0153,0.9828,36.9
9.36,0.08,93.6572,68.7877,107.3699,77.9464,5.6528,3.765,483.8227,3.0131,16.7497,0.9749,36.9
9.42,0.0617,95.9836,69.7897,117.6528,71.4219,6.1866,3.5109,412.9425,2.5754,15.6707,0.9804,36.9
9.46,0.0636,96.5419,72.6341,109.0084,75.6659,5.608,4.2747,420.348,2.8002,15.1271,0.9763,36.9
9.52,0.0572,97.5642,75.7537,112.3828,75.8524,5.6644,3.9604,436.4823,2.6891,17.4919,0.9806,36.9
9.56,0.0724,100.0432,70.5992,112.425,75.3826,5.3482,3.3919,458.5157,3.0317,15.6749,0.9808,36.9
9.62,0.0695,94.4622,73.1468,114.3442,76.9945,5.6659,4.1336,532.709,2.8587,16.8647,0.9786,36.9
9.66,0.0615,96.4619,69.3126,111.2193,73.7969,5.434,3.4171,435.9052,2.701,17.054,0.978,36.9
9.72,0.0495,90.919,70.3943,110.0098,75.4226,5.6196,3.9404,423.1407,2.7969,16.6186,0.9812,36.9
9.76,0.0679,92.331,77.0008,115.007,74.4711,5.1502,4.0358,519.5903,2.6076,16.9771,0.9782,36.9
9.82,0.0689,96.8144,73.9396,109.0569,76.3667,6.1065,3.5654,489.2165,2.6657,17.543,0.9795,36.9
9.86,0.068,96.7675,72.9271,119.2707,74.243,5.444,4.5684,459.4726,2.676,16.5735,0.9754,36.9
9.92,0.0728,95.8352,69.1966,112.2997,74.1011,5.2444,3.6785,410.2206,2.3156,16.2456,0.9815,36.9
9.96,0.0638,97.2833,76.236,110.8788,75.5397,5.6265,4.0372,504.7056,2.7433,15.7774,0.9813,36.9
10.02,0.0756,93.1674,75.8295,113.3835,72.7529,5.3029,3.1252,541.0127,2.7798,16.9545,0.9779,36.9
10.06,0.0641,96.6031,80.5687,122.597,75.918,5.9012,3.8289,481.2257,2.3893,16.7881,0.9785,36.9
10.12,0.064,94.6345,75.9816,120.7787,75.7475,6.0037,3.8986,463.574,2.5151,15.8942,0.9792,36.9
10.16,0.0661,90.2548,73.5842,115.6411,75.8658,6.2152,4.03,418.925,2.7269,15.6589,0.9763,36.9
10.22,0.0577,98.3046,68.8522,116.1262,74.1435,5.7841,4.2333,477.2861,2.5645,16.5519,0.9797,36.9
10.26,0.0607,97.8172,79.3234,108.2233,73.4673,5.5686,3.9016,428.3005,2.4078,16.9395,0.9787,36.9
10.32,0.0682,97.5061,69.5549,111.563,75.3837,5.7874,4.3075,462.8808,2.3298,16.6286,0.9777,36.9
10.36,0.0619,94.2108,74.7049,114.6545,74.8876,5.8727,3.8314,480.2977,2.5057,16.6817,0.9786,36.9
10.42,0.0546,94.5163,72.117,120.9861,74.1315,6.1098,4.0354,448.6194,2.454,17.0271,0.976,36.9
10.46,0.0597,94.6721,66.025,111.0876,74.9281,5.8157,4.0647,483.4184,2.5275,16.158,0.9817,36.9
10.52,0.0777,93.6671,68.5377,104.7058,74.4529,5.8723,3.9616,436.1475,2.4885,17.0316,0.9757,36.9
10.56,0.0644,96.782,73.9855,110.7189,72.9422,5.8002,3.9621,557.6551,2.5466,16.3627,0.9761,36.9
10.62,0.0711,98.8993,75.8036,112.7685,72.6689,5.6506,3.767,378.8488,2.5237,16.3619,0.9818,36.9
10.66,0.0692,95.595,78.1254,115.4172,74.7878,5.8575,3.7998,443.8861,2.6425,15.834,0.976,36.9
10.72,0.0648,97.7588,72.181,115.5191,72.2248,5.9125,3.6196,503.3422,2.5649,16.2941,0.9802,36.9
10.76,0.0693,89.573,68.9692,116.3549,74.6352,5.4643,4.3589,490.1532,2.5516,16.8034,0.9774,36.9
10.82,0.0793,93.8779,75.4594,112.7648,74.8062,5.7921,3.1158,523.9254,2.2545,16.7645,0.9778,36.9
10.86,0.0699,100.3348,75.3267,114.8147,73.5245,5.9057,4.2039,437.4476,2.431,17.0229,0.9765,36.9
10.92,0.0662,96.6093,72.4205,113.7213,74.3954,5.9821,4.1811,434.0312,2.4309,16.9037,0.9767,36.9
10.96,0.0773,97.1954,76.6884,112.8039,74.4514,5.9549,4.3456,469.3429,2.6077,15.626,0.9775,36.9
11.02,0.0649,94.2224,73.7996,111.9807,74.0044,5.4729,3.4636,521.6287,2.4088,17.2164,0.9794,36.9
11.06,0.0702,95.2856,76.9045,115.1829,76.9703,5.9505,4.2653,470.3892,2.2971,17.1322,0.9802,36.9
11.12,0.0645,92.0193,77.3634,114.6972,76.3036,5.5183,4.052,528.3921,2.6569,15.7444,0.9786,36.9
11.16,0.0631,92.2118,75.8029,118.3685,73.7611,5.5346,4.2952,464.3953,2.2684,17.7996,0.9738,36.9
11.22,0.063,96.2753,71.8303,113.1249,75.0155,5.5009,3.6975,503.1981,2.5356,16.3365,0.9799,36.9
11.26,0.0601,95.4162,75.8341,113.5265,74.9844,5.8572,4.1698,475.373,2.4758,15.7271,0.9771,36.9
11.32,0.0694,93.3841,73.6932,118.0322,72.9451,5.9252,3.5483,448.7243,2.3887,15.7306,0.9775,36.9
11.36,0.0647,94.1058,68.9233,118.1956,71.3752,6.1854,3.2979,476.113,2.6856,16.4823,0.9798,36.9
11.42,0.0602,95.23,72.9836,116.6931,75.1621,5.3998,4.2376,525.2879,2.5567,17.0221,0.9791,36.9
11.46,0.0694,92.6749,70.3491,113.0248,72.5561,5.3994,4.1329,405.5489,2.6347,15.8745,0.9788,36.9
11.52,0.0731,94.5262,80.6884,115.7638,75.1629,5.4991,3.9369,492.1554,2.4039,16.08,0.9805,36.9
11.56,0.0582,94.7962,70.9339,112.0432,73.329,6.0293,4.2232,518.6197,2.3208,16.7771,0.9769,36.9
11.62,0.0616,94.5696,62.3708,115.339,72.5588,5.6143,4.3753,444.2529,2.1108,16.9993,0.9793,36.9
11.66,0.0642,98.448,66.641,114.1775,76.0307,5.643,4.2408,406.7226,2.6584,15.8412,0.9782,36.9
11.72,0.0869,97.434,75.6403,113.5634,72.1805,5.7999,3.8154,527.3367,2.0639,17.3149,0.9793,36.9
11.76,0.0609,91.8662,68.2133,116.6948,78.1608,5.8915,4.1148,535.2027,2.7274,16.371,0.9801,36.9
11.82,0.0664,93.1141,70.6289,117.5796,76.1619,5.759,3.6604,509.5083,2.3338,16.1645,0.9801,36.9
11.86,0.0704,95.3007,71.8507,117.2033,76.1144,5.8719,3.7833,422.7335,2.3402,16.9015,0.9769,36.9
11.92,0.0727,92.0069,73.8458,109.6995,76.7517,5.6765,3.6871,460.6892,2.3989,16.7585,0.9797,36.9
11.96,0.0639,97.4348,69.0927,110.6874,72.2898,5.8155,4.0859,363.7928,2.4031,16.0836,0.9763,36.9
12.02,0.0611,92.2297,76.3541,112.1005,74.9738,5.6643,4.2553,336.0837,2.5114,17.0282,0.9749,36.9
12.06,0.0572,97.476,75.7857,119.5102,74.3007,5.4793,3.8401,345.6799,2.4161,16.5703,0.9796,36.9
12.12,0.0754,92.8567,67.9879,109.9774,74.2233,5.7401,3.6167,464.7463,2.3256,16.8152,0.9796,36.9
12.16,0.0652,93.4724,70.6457,119.8776,74.3976,5.6962,3.9703,425.9753,2.5642,16.2832,0.976,36.9
12.22,0.0558,94.8752,77.6364,118.0138,78.0031,5.4145,4.0658,519.5888,2.5492,17.3764,0.9776,36.9
12.26,0.0682,92.2198,68.2525,113.3055,72.7215,5.7512,3.8021,488.2795,2.3619,16.67,0.9796,36.9
12.32,0.0624,95.0483,76.2052,111.9507,73.6638,5.9595,3.6928,478.8643,2.3146,16.6657,0.9747,36.9
12.36,0.0736,94.2271,67.7264,113.6781,75.6627,5.7969,4.0138,450.479,2.4459,16.1745,0.9784,36.9
12.42,0.0679,95.9588,74.1604,111.217,73.8385,5.6298,3.3912,386.3057,2.8548,16.2501,0.975,36.9
12.46,0.0636,96.2345,73.2791,115.2502,74.3875,5.9928,3.9129,416.6385,2.5324,17.144,0.9793,36.9
12.52,0.0764,95.8281,75.0267,113.9753,74.8394,5.8908,4.0995,469.9301,2.7709,16.6096,0.9806,36.9
12.56,0.0542,96.9707,74.6869,116.096,75.086,5.8943,3.4493,417.9832,2.7099,17.0089,0.9792,36.9
12.62,0.0726,97.9981,74.4727,117.0057,73.4368,5.7142,4.0919,464.506,2.8099,15.36,0.9752,36.9
12.66,0.0622,93.8731,70.2555,113.4125,74.5854,5.7392,4.1005,445.8391,2.6664,16.5132,0.9787,36.9
12.72,0.0636,94.6852,67.8897,115.9462,76.7014,5.8274,3.5033,452.138,2.95,15.2196,0.9772,36.9
12.76,0.0652,97.9393,72.556,110.1397,74.398,5.7233,3.8368,520.9499,3.0077,16.1923,0.9793,36.9
12.82,0.0648,90.9064,76.2025,114.5521,73.2436,5.5505,3.7137,434.1386,2.8422,15.6404,0.9801,36.9
12.86,0.0652,97.567,77.9536,114.1635,73.3182,5.7629,4.1677,446.7526,2.6002,15.6416,0.9766,36.9
12.92,0.0751,97.0155,79.9549,119.4804,73.2313,5.8304,3.8623,542.574,2.8939,16.7744,0.9807,36.9
12.96,0.0575,97.0136,77.4701,109.1009,74.5566,5.2629,3.7185,395.1634,2.8641,16.6177,0.9781,36.9
13.02,0.0464,97.0373,74.3745,117.6073,74.2904,5.9079,3.9908,386.8676,2.7162,16.066,0.9789,36.9
13.06,0.0755,94.2359,74.2852,118.6661,74.4096,5.7012,3.8188,382.5235,2.8865,16.5239,0.9766,36.9
13.12,0.0694,93.3078,63.1176,115.6069,73.356,6.003,3.5267,530.8905,2.9673,15.6856,0.978,36.9
13.16,0.0615,91.3521,77.4193,113.3994,73.3356,5.9227,4.0096,460.1038,2.7634,16.5391,0.9797,36.9
13.22,0.0677,96.0884,72.8863,113.1207,74.1665,5.7884,4.1891,391.0929,3.0766,17.0456,0.9811,36.9
13.26,0.0509,98.6285,64.4358,119.3814,71.7556,5.8209,4.1076,449.7584,2.7432,16.5882,0.9808,36.9
13.32,0.0672,95.0434,72.5937,106.257,75.3156,5.3347,3.6311,283.3722,2.9486,16.2076,0.9757,36.9
13.36,0.0592,95.0842,71.0466,109.8942,73.9232,6.1001,3.9672,495.5854,3.1527,16.8728,0.9798,36.9
13.42,0.0668,96.7431,70.0772,117.4917,72.6275,6.0247,3.7959,467.1085,2.5663,15.9945,0.9798,36.9
13.46,0.0639,94.883,79.7474,108.2106,75.2434,5.6989,3.6697,424.6451,2.6659,16.8647,0.9775,36.9
13.52,0.061,94.4465,72.2861,112.553,75.8017,5.6483,4.2418,507.9128,2.9981,15.7567,0.9751,36.9
13.56,0.059,98.5097,69.6447,117.2214,75.3937,5.5733,3.6437,470.6162,2.9033,16.2964,0.9734,36.9
13.62,0.0723,94.6241,76.6837,107.5249,74.4013,5.7319,4.2222,443.6237,2.5142,15.7688,0.9783,36.9
13.66,0.0596,93.6167,64.1439,118.305,77.2271,5.4826,3.9929,452.1469,2.5889,16.3365,0.9804,36.9
13.72,0.0606,93.2583,71.7466,111.4192,75.712,5.775,3.7506,351.6611,2.6172,17.0415,0.9771,36.9
13.76,0.0685,93.8579,77.1103,116.2611,74.6216,5.8336,4.2224,441.8816,2.7677,17.3333,0.9745,36.9
13.82,0.066,94.8296,67.9865,115.4386,73.595,5.9313,4.1688,406.6769,2.5982,16.9234,0.9775,36.9
13.86,0.0747,95.1917,74.9474,113.5928,76.1141,5.5029,3.5879,498.2478,2.3679,16.2659,0.9775,36.9
13.92,0.0708,93.8134,74.5648,116.216,74.8852,6.0706,3.5401,565.2337,2.9657,16.6745,0.9804,36.9
13.96,0.0628,93.5155,70.7735,113.6154,74.6988,5.5375,4.0046,474.2908,2.6529,17.124,0.9768,36.9
14.02,0.0649,91.7574,72.4106,114.4924,74.8091,5.7231,4.0053,401.5129,2.6566,16.9534,0.9828,36.9
14.06,0.0541,96.0079,82.7157,116.5413,75.6484,6.1145,3.9936,498.3064,2.5624,17.0128,0.9768,36.9
14.12,0.0625,98.1964,71.1646,113.4506,73.7032,5.993,4.2705,422.5044,2.9465,16.137,0.9756,36.9
14.16,0.0705,93.1968,71.2011,118.2823,73.1072,6.2643,3.6242,322.6747,2.8155,17.0304,0.9762,36.9
14.22,0.0842,90.7115,63.9934,112.5814,75.0349,5.8784,3.9562,513.675,2.5597,17.4824,0.9772,36.9
14.26,0.0785,92.0756,71.0408,113.1632,73.2167,5.4593,3.6565,471.3728,2.9326,16.334,0.9803,36.9
14.32,0.0767,93.7943,76.4266,112.3418,73.7389,6.3141,3.9708,443.1654,2.6683,16.8823,0.9779,36.9
14.36,0.0733,92.5086,73.5748,115.4533,74.6166,5.7153,3.281,521.3599,2.7889,15.8047,0.979,36.9
14.42,0.0708,96.4237,77.2964,121.0324,75.3819,6.0213,3.9504,438.4499,2.3714,16.3,0.9726,36.9
14.46,0.0653,98.1554,69.9042,114.1328,76.6942,6.0899,3.7902,483.6793,2.5069,16.924,0.9797,36.9
14.52,0.0677,95.8166,64.7206,114.9706,75.3656,5.6578,3.515,548.6696,2.519,16.3907,0.9833,36.9
14.56,0.0676,93.8275,75.466,116.0491,76.829,5.6412,4.2509,472.0448,2.7707,17.0142,0.9808,36.9
14.62,0.0678,92.5604,73.027,115.753,74.3597,5.8791,4.2133,422.3928,2.7723,16.754,0.9826,36.9
14.66,0.0736,97.1353,72.3936,111.2057,75.6332,5.2041,3.5169,461.0786,2.6972,16.7747,0.98,36.9
14.72,0.0649,94.7997,67.6852,117.3146,74.1486,5.7079,3.7981,449.8687,2.6899,16.7674,0.9749,36.9
14.76,0.0658,93.3869,72.7783,112.7815,74.2666,5.0661,3.8105,464.7093,2.2297,16.8203,0.9746,36.9
14.82,0.0594,95.2379,70.485,115.0624,75.1587,5.7828,3.5022,409.5679,2.6557,16.3527,0.9756,36.9
14.86,0.0736,95.2346,73.8486,108.099,75.5252,5.6013,3.4556,581.6972,2.7427,15.8355,0.9755,36.9
14.92,0.0692,90.7105,66.9338,109.0379,75.3657,5.7437,4.22,549.5951,2.6115,16.0359,0.9786,36.9
14.96,0.0689,95.1613,75.1365,111.0973,75.2883,5.6501,3.786,503.9997,2.6482,16.1111,0.9771,36.9
15.02,0.0645,95.001,70.4481,117.2668,74.0385,5.7893,3.8901,462.5702,2.7119,14.8923,0.9759,36.9
15.06,0.0649,92.4501,65.3159,116.3787,72.9706,5.7089,4.1933,384.5833,2.7436,16.4609,0.9758,36.9
15.12,0.0613,99.6208,71.1343,114.8697,72.7768,5.7177,3.7809,341.4133,2.3989,15.8751,0.978,36.9
15.16,0.0753,96.9739,71.1435,105.8876,74.5559,5.8735,4.0257,488.7811,2.5416,16.4421,0.9745,36.9
15.22,0.0734,94.6848,71.1191,110.6849,74.4125,6.1644,4.1253,507.9923,2.4718,15.3224,0.9766,36.9
15.26,0.0807,97.4011,72.2055,120.8047,77.0609,5.3028,3.6982,465.8492,2.1212,16.6549,0.9793,36.9
15.32,0.0729,99.392,71.6823,114.1694,72.7108,5.5283,4.316,369.7941,2.5942,17.4984,0.9756,36.9
15.36,0.071,96.0154,69.8408,110.9811,75.6407,5.788,3.9412,493.8974,2.7277,17.7115,0.9751,36.9
15.42,0.0724,95.4141,73.5402,111.9125,75.1055,5.5504,4.1296,422.2723,2.1981,16.8057,0.9743,36.9
15.46,0.0567,96.1513,75.849,111.5609,73.8418,5.4802,4.4219,410.4438,2.502,16.4243,0.9793,36.9
15.52,0.0657,96.4592,68.4881,109.8652,75.578,5.5354,4.0586,406.0213,2.4532,15.7624,0.9748,36.9
15.56,0.0599,93.3151,68.2785,113.1989,75.5651,5.5279,4.0937,473.78,2.5427,15.7062,0.9737,36.9
15.62,0.0637,97.2682,79.1377,110.2688,73.943,5.4597,3.8656,367.289,2.5838,16.0679,0.9766,36.9
15.66,0.0679,95.9088,72.8336,111.7908,75.7321,6.3061,4.2167,416.1627,2.4983,16.1735,0.9816,36.9
15.72,0.0627,96.335,76.9308,113.1536,70.5202,5.6806,3.8305,433.9611,2.5711,15.7534,0.9762,36.9
15.76,0.0787,97.0878,69.2953,118.2853,72.1096,5.9285,4.0964,334.6801,2.4661,16.186,0.9771,36.9
15.82,0.0675,100.9543,71.1439,109.9685,72.332,6.1488,3.4424,377.6427,2.3366,14.8656,0.976,36.9
15.86,0.0651,96.2265,69.337,110.3826,75.0986,5.5256,4.0884,339.8987,2.7032,15.7931,0.9788,36.9
15.92,0.0618,93.2358,77.4938,112.5764,74.9603,5.6233,3.6909,314.784,2.3355,17.0819,0.9747,36.9
15.96,0.0734,91.9122,69.0249,118.137,74.0277,5.8728,4.0852,419.1713,2.5026,16.6383,0.9738,36.9
16.02,0.0667,97.1338,70.1099,110.8137,73.4805,6.1447,3.9857,347.2802,2.7505,14.97,0.9747,36.9
16.06,0.064,95.1065,77.6823,115.7779,73.8683,5.3981,4.0765,377.9169,2.9376,15.5108,0.9775,36.9
16.12,0.0846,96.2923,71.9459,112.829,74.3305,5.937,4.16,431.8072,2.8567,15.7506,0.9816,36.9
16.16,0.071,97.6229,68.4203,118.4861,76.1533,5.8454,4.0483,362.3084,2.6585,16.5096,0.9796,36.9
16.22,0.0688,95.1537,68.4365,108.9125,75.8179,5.996,4.3381,311.2981,2.6646,16.1057,0.9796,36.9
16.26,0.0596,97.034,69.2459,110.8998,76.9732,5.598,4.1201,315.2828,2.6874,16.0207,0.9808,36.9
16.32,0.0585,91.7068,70.9575,114.4118,75.6155,5.8373,4.2166,394.3624,2.8049,16.6082,0.9764,36.9
16.36,0.0702,93.9509,70.5547,111.2151,73.4681,5.8229,3.9194,369.1732,2.4815,15.3685,0.9799,36.9
16.42,0.0657,90.7699,69.7079,111.9246,73.5628,5.7611,3.8209,262.8452,2.9808,16.3626,0.9761,36.9
16.46,0.0742,95.6601,70.2296,113.2193,73.9986,5.5305,4.6974,352.1908,3.1135,16.082,0.9807,36.9
16.52,0.0649,95.6794,75.181,110.7591,74.2371,5.9758,4.1602,305.5207,2.7754,15.7337,0.9766,36.9
16.56,0.0762,94.8378,65.5742,115.1867,73.7086,5.908,3.6771,243.3152,3.0642,16.8475,0.979,36.9
16.62,0.0622,93.7415,74.5201,109.9729,76.2622,5.9705,3.126,448.3706,2.8021,17.2795,0.9771,36.9
16.66,0.0698,96.4666,61.9946,115.0932,72.5435,5.9723,4.1844,447.7129,3.027,16.3549,0.9844,36.9
16.72,0.0673,96.856,71.1595,109.9331,74.1764,5.9664,4.0036,399.8936,2.4779,16.5091,0.9788,36.9
16.76,0.0647,97.9083,74.1761,117.5408,77.726,5.4542,4.1551,351.6935,2.8925,15.426,0.9804,36.9
16.82,0.0663,94.0435,65.4263,108.061,74.7963,5.3923,3.6204,367.7407,2.8773,15.7783,0.9746,36.9
16.86,0.0706,95.6357,64.0201,114.5961,72.1072,5.201,4.1853,426.0042,2.8469,15.0511,0.9819,36.9
16.92,0.0594,94.1779,68.6463,111.5233,74.2775,5.9053,3.8054,414.2592,2.8147,15.8654,0.9797,36.9
16.96,0.0699,95.3269,73.9085,114.0694,75.261,5.5987,3.8624,321.9347,2.6526,15.4735,0.9788,36.9
17.02,0.0706,94.1688,68.321,111.6448,76.0796,5.3791,3.5562,481.1567,2.7072,15.8768,0.9777,36.9
17.06,0.0737,94.5211,74.5025,116.7974,75.0704,6.0303,4.2689,422.2312,2.8128,15.7367,0.976,36.9
17.12,0.0686,90.4546,71.5071,118.6528,74.3169,5.8403,4.0549,428.4717,2.8806,16.0508,0.9823,36.9
17.16,0.065,97.5145,69.9923,114.4173,73.2071,5.7355,3.9635,326.0751,2.6157,16.1945,0.9757,36.9
17.22,0.0635,92.6164,69.579,118.037,74.5261,5.5973,3.7904,366.7856,2.5764,15.521,0.9776,36.9
17.26,0.0732,94.7896,72.7314,111.3292,75.1915,5.6843,4.0065,398.416,2.6307,15.0903,0.9794,36.9
17.32,0.079,95.497,71.0377,118.5149,73.123,5.7593,3.9881,334.2091,2.5711,15.0784,0.9767,36.9
17.36,0.0581,96.4271,76.7179,112.8397,73.9573,5.7254,3.6546,399.5851,2.8849,16.5166,0.9748,36.9
17.42,0.0699,88.3194,72.5517,110.7111,75.1467,5.674,4.6474,377.4673,2.7867,16.1937,0.9805,36.9
17.46,0.0753,90.757,72.8552,113.983,74.8183,5.667,3.6517,393.9984,2.7444,15.6721,0.9773,36.9
17.52,0.0724,95.612,72.1119,109.9225,75.816,5.1819,3.8257,352.3071,2.7152,17.7023,0.9794,36.9
17.56,0.0754,92.556,72.1741,109.8106,71.0816,6.0863,3.8619,299.4794,2.6623,16.3002,0.9797,36.9
17.62,0.0666,98.8131,72.2647,116.1457,73.235,5.3134,4.2107,417.7832,2.839,15.6052,0.9806,36.9
17.66,0.0722,96.2542,78.1849,111.2011,73.8562,5.774,3.8223,312.1181,2.7751,16.8058,0.9773,36.9
17.72,0.0643,92.8526,73.7195,117.089,72.6349,5.7654,4.3582,424.4685,2.7045,16.0645,0.9744,36.9
17.76,0.0639,96.1773,67.8528,114.2211,71.3066,5.8329,3.7978,351.2931,2.4723,16.3964,0.9751,36.9
17.82,0.0672,96.2397,64.9003,113.3141,76.8097,5.7018,3.8854,412.5532,2.4286,16.2379,0.9759,36.9
17.86,0.0711,92.578,76.6789,113.5604,70.5338,6.057,3.8731,388.3169,2.9201,15.8851,0.9776,36.9
17.92,0.0654,97.7784,74.9874,106.1858,74.6265,5.856,4.1299,415.1963,2.4137,15.9866,0.9788,36.9
17.96,0.0739,97.1611,72.292,111.5166,74.001,5.3828,3.4242,311.2799,2.6335,16.7531,0.9778,36.9
18.02,0.0788,93.8239,72.3457,113.2185,74.1671,5.7675,4.2395,338.4724,2.4297,17.4574,0.9757,36.9
18.06,0.0618,94.3668,69.0692,111.8469,76.2055,5.8561,3.849,378.1382,2.7245,15.4319,0.9834,36.9
18.12,0.0621,97.1029,74.2226,117.6621,73.5154,5.7025,3.9128,366.9295,2.7497,17.011,0.9788,36.9
18.16,0.0604,98.1673,73.0772,112.3062,74.9181,5.3231,3.5799,366.3515,2.8289,14.8609,0.9758,36.9
18.22,0.0594,95.2795,67.5813,113.7138,76.0672,5.9457,4.1546,374.1641,2.7516,16.0246,0.9789,36.9
18.26,0.0618,93.3096,81.2632,112.4007,73.9178,5.6336,4.0094,443.7094,2.3527,15.9322,0.9815,36.9
18.32,0.0873,90.8863,67.4391,114.1175,74.2293,5.7842,3.9469,405.1588,2.7464,15.8233,0.9778,36.9
18.36,0.0609,90.4806,75.4591,105.3394,70.8711,5.7574,3.7953,370.5618,2.4278,15.9264,0.9792,36.9
18.42,0.0678,98.5608,72.8133,116.015,73.8768,5.4657,3.7681,388.5534,2.7664,15.4277,0.9803,36.9
18.46,0.0626,89.3462,72.3073,108.9721,72.8313,5.7222,4.182,361.3912,2.6304,15.5859,0.9786,36.9
18.52,0.0648,96.2644,79.1511,118.2969,74.8714,6.0956,4.2467,332.9246,2.5552,15.6334,0.9825,36.9
18.56,0.0802,95.8611,79.6629,110.6161,72.6474,6.2465,4.0842,300.382,2.6963,15.3778,0.9728,36.9
18.62,0.0511,89.9539,64.8516,108.2337,74.1827,5.4829,4.3996,322.5619,2.5179,15.8308,0.976,36.9
18.66,0.0765,98.4469,63.301,112.7074,75.1166,5.8304,4.2258,374.0178,2.6684,16.0854,0.9815,36.9
18.72,0.0755,97.7585,80.1603,107.8273,76.5189,5.5233,3.8697,360.1732,2.4622,17.2077,0.9804,36.9
18.76,0.0625,94.3598,67.8286,113.3701,72.4673,6.2087,3.4327,428.0999,2.4288,16.4584,0.9792,36.9
18.82,0.0691,93.3927,69.6636,105.0999,71.5696,5.4859,3.6274,327.8906,2.2352,15.3911,0.9793,36.9
18.86,0.0666,96.2654,76.5566,111.1085,74.3638,5.5499,3.5037,434.0189,2.4872,16.2832,0.977,36.9
18.92,0.0698,95.3749,72.7542,111.4104,72.5563,5.3289,3.717,366.0956,2.4661,16.6606,0.9772,36.9
18.96,0.0678,93.3722,74.1545,114.5913,74.9767,6.0399,4.3596,379.7816,2.6331,16.045,0.9793,36.9
19.02,0.0725,95.2997,68.7499,112.1556,72.9846,5.9175,4.2114,360.0224,2.5901,15.012,0.9831,36.9
19.06,0.0636,94.0902,75.0555,115.6909,73.2309,5.6568,3.6879,384.4455,2.5964,16.7932,0.9801,36.9
19.12,0.0644,95.3272,77.2804,112.685,72.731,5.2255,4.0592,326.2048,2.402,16.0403,0.9761,36.9
19.16,0.0673,96.8945,58.6228,109.2329,74.7627,5.5961,4.4454,365.9922,2.3095,16.6883,0.9779,36.9
19.22,0.0531,95.7416,75.2763,113.4421,72.9662,5.6162,3.9915,419.2111,2.6397,16.5446,0.9793,36.9
19.26,0.0668,99.3227,75.8077,110.0518,75.5663,5.4131,3.9271,394.2094,2.6291,16.9758,0.9796,36.9
19.32,0.0681,96.6811,71.7011,112.1079,71.4883,6.1756,4.1287,435.5205,2.5798,16.9528,0.977,36.9
19.36,0.066,96.5665,70.4864,115.0701,73.0692,5.6261,4.2525,367.0523,2.6804,16.8436,0.9777,36.9
19.42,0.0517,91.7736,75.705,104.3122,74.7918,5.4806,4.3489,344.2786,2.271,17.021,0.9772,36.9
19.46,0.0692,91.6476,75.8224,105.8988,73.5999,5.2516,4.2965,385.4664,2.6749,16.4749,0.9794,36.9
19.52,0.0624,98.2462,74.9439,105.5916,72.0627,5.3466,4.2192,407.5998,2.8222,16.9879,0.9812,36.9
19.56,0.0623,93.7536,76.3424,109.6574,70.7912,5.9908,3.8623,315.3584,2.9466,17.3843,0.9821,36.9
19.62,0.0554,97.2116,76.9624,116.7656,73.139,5.1565,4.3268,386.4427,2.5921,17.6266,0.974,36.9
19.66,0.0707,95.8049,68.7717,117.2546,72.8107,5.7891,3.6897,353.7324,2.6531,16.8315,0.9762,36.9
19.72,0.0738,94.5337,75.1454,113.4633,74.7639,6.138,3.9742,450.7518,2.8448,16.3858,0.9831,36.9
19.76,0.0665,92.0729,80.3194,108.3658,71.1617,5.4324,4.1148,335.9613,2.7849,17.6675,0.9779,36.9
19.82,0.0528,90.3492,72.6654,115.8479,74.9648,5.5627,3.7165,305.6036,2.7428,16.5656,0.983,36.9
19.86,0.0746,89.2414,65.0821,115.8211,73.9127,5.8235,3.6885,472.27,2.8365,17.1012,0.9752,36.9
19.92,0.0773,93.5412,73.4873,105.1861,73.381,5.7329,4.0176,359.8537,2.6574,16.1517,0.9761,36.9
19.96,0.0792,93.9521,72.4884,111.2179,73.7409,5.6609,3.653,472.3253,2.8349,17.0197,0.9802,36.9
20.02,0.0561,94.9744,76.935,122.0895,73.1177,6.1118,4.0432,367.0498,2.9702,17.4282,0.9807,36.9
20.06,0.0643,92.352,78.9433,113.7722,72.1838,5.3378,4.296,414.6142,2.9218,16.7218,0.9789,36.9
20.12,0.0709,93.0337,64.3036,110.3364,74.7807,5.725,3.9268,388.1284,3.0904,16.6208,0.9815,36.9
20.16,0.0761,96.6407,79.1276,108.6149,75.5674,5.7723,3.8344,413.36,3.0475,17.4504,0.9807,36.9
20.22,0.0648,89.7795,72.6383,105.7506,73.8552,5.6872,4.0758,409.9419,2.727,16.6321,0.9781,36.9
20.26,0.0677,94.0335,76.235,106.0534,72.7782,5.9491,4.4072,364.3481,2.6808,16.5965,0.9819,36.9
20.32,0.0608,88.0301,71.5054,108.0415,74.1267,5.3773,3.5499,404.3634,2.9056,17.4177,0.9806,36.9
20.36,0.0677,93.6782,75.7016,118.4964,72.6244,5.6902,4.6489,401.9488,3.1011,15.7837,0.9763,36.9
20.42,0.0737,93.6942,74.9438,117.3771,73.8104,5.4238,4.0979,376.7893,2.7738,16.1436,0.9797,36.9
20.46,0.0692,94.1952,76.2566,110.7083,73.8065,4.6881,4.3178,362.5829,3.0151,15.9933,0.9825,36.9
20.52,0.0547,96.3294,72.2238,112.0185,74.6655,5.2312,3.9368,374.5853,2.847,15.7863,0.9727,36.9
20.56,0.0721,91.2529,73.0529,106.7585,74.3132,5.1282,3.607,412.6827,2.3716,17.0305,0.9754,36.9
20.62,0.0685,89.8338,86.5638,110.3417,71.1166,5.8638,3.7749,368.2184,2.6042,16.309,0.9791,36.9
20.66,0.0722,92.8257,73.546,112.6452,71.9182,5.3911,4.2947,332.1457,2.6957,16.5795,0.9807,36.9
20.72,0.0608,94.5942,67.212,111.7596,73.6647,5.9056,3.9604,400.0053,2.4203,16.5822,0.9803,36.9
20.76,0.071,96.2355,73.1157,116.7511,75.7095,5.955,4.5246,333.7083,2.9774,17.164,0.9779,36.9
20.82,0.0682,93.4607,74.2548,111.4724,75.2368,5.826,3.7591,373.7523,2.9545,17.1485,0.9789,36.9
20.86,0.0773,89.6302,77.3959,108.5322,72.9399,5.588,4.0601,430.831,2.7027,17.2289,0.9791,36.9
20.92,0.074,93.2447,74.4573,112.3946,73.7327,5.4358,4.2471,312.0606,2.4558,16.9634,0.9809,36.9
20.96,0.0784,92.6463,76.4841,106.5333,74.3032,5.4657,3.9167,463.4775,2.651,15.8577,0.9791,36.9
21.02,0.0578,92.3077,72.2323,117.3526,74.2222,5.647,3.92,232.0136,2.608,16.3339,0.9796,36.9
21.06,0.0775,98.5684,74.4362,109.3761,76.0561,6.0465,4.1086,357.0884,2.691,15.461,0.9808,36.9
21.12,0.0643,92.7487,73.4977,109.3565,70.2476,5.439,3.5384,358.2747,2.5863,17.0507,0.9802,36.9
21.16,0.0714,92.4522,69.8379,110.2545,73.0498,6.1708,4.4676,430.841,2.6375,17.241,0.9776,36.9
21.22,0.0691,92.8594,76.362,111.3195,76.1045,5.7381,4.3262,349.674,2.828,16.5198,0.9777,36.9
21.26,0.0665,92.4618,76.1095,113.5257,72.3844,5.8548,4.3527,329.9175,2.9579,17.1083,0.9768,36.9
21.32,0.0732,90.8557,76.0618,109.6325,75.0431,5.5784,4.1125,323.3438,2.7128,16.9877,0.9803,36.9
21.36,0.0819,94.6078,72.7706,103.3137,73.6213,5.4201,4.5395,356.9805,2.6718,16.1227,0.9787,36.9
21.42,0.0713,93.2914,65.6565,104.3948,74.6543,6.1752,4.5289,360.2391,2.5927,16.2808,0.9797,36.9
21.46,0.0702,96.8015,66.2601,110.0247,74.3171,5.782,3.8929,347.0269,2.5475,16.6116,0.9795,36.9
21.52,0.0609,95.187,77.4475,110.9831,74.7644,5.908,4.1974,441.5527,2.8023,16.9217,0.9775,36.9
21.56,0.0752,97.3044,73.3833,112.0824,74.4792,5.8757,3.6883,220.8953,2.5891,16.7248,0.9792,36.9
21.62,0.0702,95.9529,68.1332,108.8875,75.2065,5.1975,3.6021,393.1775,2.6583,16.6002,0.9793,36.9
21.66,0.0744,90.3804,67.465,108.7682,74.0762,5.7257,4.5619,263.9519,2.2396,16.0031,0.9755,36.9
21.72,0.0622,89.9147,76.1705,105.95,72.9796,5.4628,4.3887,293.7197,2.6716,16.4917,0.9761,36.9
21.76,0.0693,92.3863,71.2014,112.2277,72.3231,5.4783,3.6747,321.9877,2.7237,16.6092,0.9783,36.9
21.82,0.0762,95.2242,67.8495,113.9995,75.0858,5.522,3.8603,348.7783,2.7403,16.4277,0.9784,36.9
21.86,0.0672,90.634,71.6354,109.7484,72.3914,5.6613,4.2224,336.0889,2.3873,16.631,0.9756,36.9
21.92,0.0615,92.257,70.1579,112.7737,73.8672,5.4037,4.2176,472.2697,2.7371,16.8877,0.9766,36.9
21.96,0.0623,95.0779,72.3728,111.2806,71.962,5.4587,3.7407,440.0054,2.7762,17.3021,0.9797,36.9
22.02,0.0708,94.0919,67.8346,113.5044,74.2072,5.7014,4.0784,325.2307,2.6826,16.4673,0.9791,36.9
22.06,0.0764,95.2261,70.7071,110.5399,72.2531,5.5503,4.521,420.6051,2.4455,17.1982,0.9771,36.9
22.12,0.0839,98.0386,72.0469,111.8073,72.2961,6.0263,3.9826,295.3342,2.3209,16.8959,0.9735,36.9
22.16,0.0717,96.0688,72.7202,111.1141,74.646,5.8624,3.9485,311.6519,2.2179,16.9264,0.9788,36.9
22.22,0.066,92.4569,68.3833,111.2963,72.2033,5.6267,4.4245,309.0053,2.6773,16.9717,0.9762,36.9
22.26,0.0605,94.509,69.3758,117.2384,72.1763,5.2842,3.9704,412.1989,2.8264,17.0001,0.9779,36.9
22.32,0.0652,90.2854,72.5724,111.5529,71.244,5.6032,4.0354,447.8892,2.4034,16.6897,0.9816,36.9
22.36,0.0733,96.1908,63.998,107.6384,72.1721,4.9774,4.4448,396.1335,2.5375,16.0415,0.9787,36.9
22.42,0.0697,91.0091,73.0712,111.5058,73.1463,5.8414,4.0181,316.2908,2.2083,17.2382,0.9793,36.9
22.46,0.0694,91.652,74.4892,111.2586,73.0576,5.5927,4.5638,372.5789,2.5167,16.9461,0.9794,36.9
22.52,0.0723,96.1408,79.326,111.9524,72.1924,5.2722,3.9581,346.5952,2.6292,17.9677,0.9791,36.9
22.56,0.067,95.2991,76.415,107.7962,76.124,5.3378,4.2588,376.0035,2.462,16.2058,0.9813,36.9
22.62,0.0748,97.0901,74.6295,108.7241,70.957,5.5494,4.2726,357.5623,2.4669,16.5651,0.9757,36.9
22.66,0.0647,94.0177,75.4062,113.1038,74.8965,5.2673,3.6972,369.1985,2.7063,17.488,0.9774,36.9
22.72,0.0717,93.9587,71.611,112.6765,73.4083,5.5534,4.1036,355.6757,2.7916,16.1753,0.9794,36.9
22.76,0.0671,96.0031,78.5742,108.2072,74.0445,5.3036,4.1844,324.0166,2.2325,16.8603,0.9784,36.9
22.82,0.0613,93.9584,70.7746,109.685,75.132,5.6731,4.5146,321.808,2.7467,17.5634,0.9815,36.9
22.86,0.0674,95.5395,67.2138,109.0437,74.7279,5.3696,4.1503,305.3799,2.7322,17.2176,0.9773,36.9
22.92,0.0833,96.3123,78.9577,109.9404,72.9868,6.0256,3.9385,300.9155,2.3757,16.5068,0.9789,36.9
22.96,0.059,94.0514,75.8971,113.0912,77.4245,5.5444,3.9817,431.0569,2.4153,17.2645,0.9794,36.9
23.02,0.0733,93.7895,76.537,107.78,75.5138,5.7475,4.0295,371.4124,2.6372,17.3691,0.9784,36.9
23.06,0.0688,98.3702,77.5541,106.0693,75.6062,5.579,4.294,407.9838,2.4392,16.4642,0.979,36.9
23.12,0.0806,91.1791,66.614,115.1087,73.7334,5.3473,4.0936,346.2792,2.6204,16.4177,0.9777,36.9
23.16,0.0633,91.5739,73.0248,110.9793,70.5603,5.259,3.6938,345.6199,2.7966,16.2149,0.9809,36.9
23.22,0.0734,96.0112,70.8353,110.0845,73.3734,5.5653,4.2381,372.9261,2.6691,16.4967,0.9784,36.9
23.26,0.0723,92.6782,73.0667,115.187,74.616,5.0313,3.901,349.8006,2.501,16.7304,0.977,36.9
23.32,0.063,91.6166,77.147,109.9296,73.4269,5.3132,3.9482,429.1499,2.9433,15.8704,0.9767,36.9
23.36,0.0743,95.3105,79.6978,111.6928,74.5691,5.3254,4.1522,381.5566,2.9687,16.9173,0.9784,36.9
23.42,0.0696,91.7351,76.126,110.7046,75.5298,5.4331,4.0627,428.1872,2.9444,16.7605,0.9768,36.9
23.46,0.0747,92.7486,64.8971,115.6847,75.0784,5.1451,4.2546,318.3159,2.769,17.2536,0.9776,36.9
23.52,0.0751,92.4493,75.6104,106.1658,75.7769,5.6389,3.5445,455.9671,3.0401,16.4134,0.9765,36.9
23.56,0.0688,92.5915,73.4179,113.44,74.4839,5.9648,4.3681,322.1756,2.9288,17.0289,0.9773,36.9
23.62,0.0766,96.4306,73.2783,114.9534,76.3488,5.5042,3.8101,351.2717,2.8485,16.7065,0.9781,36.9
23.66,0.0778,98.9423,76.2656,109.4618,76.2671,5.4234,4.323,382.4545,2.7323,17.3777,0.9792,36.9
23.72,0.0724,96.2996,71.7896,109.3048,74.1752,5.4658,4.657,421.6216,2.9168,17.2845,0.9806,36.9
23.76,0.0775,94.4593,72.3867,111.1628,72.8826,5.5474,3.9877,397.2804,2.9511,16.6832,0.9828,36.9
23.82,0.0753,93.0875,79.9234,116.9078,75.1963,5.4692,3.6801,371.6532,2.7089,16.7402,0.9794,36.9
23.86,0.0686,92.6427,76.3904,106.1234,75.8806,6.1251,4.6253,342.628,3.0118,16.1046,0.976,36.9
23.92,0.0802,89.5591,72.123,107.6637,73.0107,5.6455,4.4022,329.4105,3.056,17.7884,0.9775,36.9
23.96,0.076,97.1626,76.133,112.9918,72.4447,5.2891,3.8865,431.97,2.7224,16.3182,0.9792,36.9
24.02,0.0698,93.327,72.5861,111.9812,72.5416,5.1768,3.8435,390.2116,2.6695,16.483,0.9775,36.9
24.06,0.0679,92.8554,73.5247,109.0312,75.576,5.5391,3.8964,380.2171,2.6654,16.0315,0.9763,36.9
24.12,0.064,95.0794,76.238,105.5602,71.4931,5.2283,4.1613,309.2851,2.439,17.5762,0.9776,36.9
24.16,0.0595,90.9276,72.0996,110.6461,75.4833,4.9918,4.0012,269.1828,2.4911,16.5583,0.9792,36.9
24.22,0.0758,92.9309,72.3754,109.9054,71.7933,5.589,4.1276,304.2182,2.9229,17.67,0.982,36.9
24.26,0.0724,97.8648,74.7482,112.8991,73.3501,5.4122,4.2392,360.2325,2.6756,16.7409,0.9758,36.9
24.32,0.0703,94.7553,82.4607,114.0846,75.7013,5.4071,4.3946,337.107,2.8606,17.1586,0.9797,36.9
24.36,0.0708,91.7443,73.1019,107.6426,74.1858,5.529,4.116,302.9979,2.6102,16.6613,0.9769,36.9
24.42,0.0677,88.8909,70.6392,109.0979,73.182,5.8355,4.1674,384.5112,2.8322,16.9236,0.9759,36.9
24.46,0.0741,92.8111,72.5214,113.4509,73.1739,5.1513,4.8427,357.0807,2.5096,16.9473,0.9772,36.9
24.52,0.0676,95.9295,73.2693,116.5063,73.0909,5.622,4.354,437.9238,2.4181,16.001,0.9776,36.9
24.56,0.0775,94.4268,71.2536,110.1034,74.6149,5.2203,4.3239,368.5846,2.7488,16.5897,0.9802,36.9
24.62,0.0624,93.3696,73.9087,105.1056,70.1585,5.4986,4.3489,421.7548,2.8189,16.6025,0.9806,36.9
24.66,0.0745,96.6514,77.9877,109.5533,75.4187,5.3716,3.8885,328.4509,2.4897,16.3713,0.9814,36.9
24.72,0.0748,89.8636,72.9899,109.4255,72.1123,5.4839,3.73,350.1821,2.8959,16.3154,0.9813,36.9
24.76,0.0738,93.193,69.5669,110.041,73.8814,5.3017,3.9383,468.2742,2.5463,17.3162,0.976,36.9
24.82,0.0676,91.3865,70.1349,109.03,74.3723,5.9812,4.0659,344.8126,2.7902,17.1974,0.9764,36.9
24.86,0.0673,93.0989,71.975,110.907,74.7661,5.727,3.9059,370.7553,2.6132,16.7561,0.9763,36.9
24.92,0.0655,93.5313,71.8206,112.9133,74.3358,5.7208,4.2777,406.868,2.3683,17.7962,0.9815,36.9
24.96,0.0672,91.0527,77.4998,110.1982,75.1411,5.4808,3.8069,353.9553,2.718,16.7885,0.9786,36.9
25.02,0.0634,95.8139,70.8695,112.385,75.5961,5.1629,4.4499,417.5004,2.4705,16.7704,0.9767,36.9
25.06,0.0653,93.8987,69.5107,113.4391,74.8249,5.4492,3.9803,317.6367,2.6087,16.4824,0.9785,36.9
25.12,0.0662,92.1349,72.63,110.4883,71.3224,5.805,4.2541,462.9035,2.7093,17.8992,0.9776,36.9
25.16,0.0697,90.5447,77.7383,105.7185,76.7465,5.5629,4.2085,393.2231,2.5194,16.2037,0.9804,36.9
25.22,0.0755,94.2198,75.0874,115.2518,73.8002,5.9017,4.1501,381.6952,2.8402,18.452,0.9794,36.9
25.26,0.0557,89.8778,74.6741,108.6759,73.95,5.7415,4.4693,394.7812,2.581,16.1153,0.9796,36.9
25.32,0.0652,91.1059,77.0741,109.1316,72.4012,5.8907,4.6218,337.9778,2.329,16.9697,0.9753,36.9
25.36,0.0778,92.2436,79.4848,112.9048,75.8154,5.4867,4.0461,407.5743,2.1963,17.0397,0.9812,36.9
25.42,0.0632,92.6056,79.5764,113.0151,75.1776,5.4925,3.9834,362.7895,2.4299,16.8243,0.9708,36.9
25.46,0.0708,89.2424,72.374,108.5577,76.31,5.3039,4.3855,326.7913,2.6871,17.4086,0.9772,36.9
25.52,0.0645,90.9967,77.638,117.5948,72.611,5.8173,3.8912,375.4145,2.5811,16.9387,0.9782,36.9
25.56,0.0718,96.3109,69.194,111.476,72.8659,5.6708,4.6446,324.6168,2.3736,16.9967,0.9787,36.9
25.62,0.063,92.2268,78.16,107.6979,76.068,5.5484,3.7602,385.2613,2.5047,17.1436,0.9817,36.9
25.66,0.0704,93.5259,73.4093,107.7327,74.0177,5.7258,4.1406,454.3886,2.4096,17.2608,0.9786,36.9
25.72,0.0712,92.1901,69.795,110.7612,72.7517,5.8854,4.1452,421.217,2.7933,17.0192,0.9786,36.9
25.76,0.0623,93.0171,76.2665,110.0269,72.3799,5.3702,4.221,355.2947,2.5748,17.5286,0.9826,36.9
25.82,0.0701,96.2925,69.4394,105.8392,70.2271,5.2896,4.1888,429.5907,2.8476,17.0961,0.9785,36.9
25.86,0.0772,97.7488,70.13,117.5565,73.7631,5.2208,4.0661,333.9534,2.3362,17.5491,0.9745,36.9
25.92,0.0802,97.3199,78.8388,115.8885,73.4433,5.3765,4.5283,314.0892,2.6739,16.6557,0.9831,36.9
25.96,0.0675,88.919,73.5037,114.0504,70.4003,5.7067,4.5066,420.744,2.5883,16.5347,0.9777,36.9
26.02,0.0737,97.7312,74.7439,109.0837,74.7568,5.5681,4.188,397.1884,2.3919,15.4874,0.9774,36.9
26.06,0.0731,94.7183,70.3569,110.1084,74.0897,5.6173,4.5261,346.7572,2.4427,16.5096,0.9766,36.9
26.12,0.0774,96.517,78.9501,114.8076,71.5276,5.7371,4.4899,400.1535,2.1729,16.6438,0.9795,36.9
26.16,0.0667,95.9957,74.0081,115.9657,71.6116,5.2693,4.7227,401.2705,2.5882,16.9146,0.9817,36.9
26.22,0.0655,91.1175,83.5758,107.0766,73.4448,5.2201,4.2492,355.2745,2.2754,17.0863,0.9806,36.9
26.26,0.0716,91.2974,72.7798,110.4418,72.2848,5.2132,4.2211,323.7381,2.6101,17.128,0.9793,36.9
26.32,0.0712,93.7759,78.5398,108.1179,73.5994,5.3219,4.334,199.2148,2.1761,17.0826,0.9784,36.9
26.36,0.0727,90.4886,70.2054,114.5501,73.0024,5.5157,3.8641,302.9275,2.5929,16.9975,0.9796,36.9
26.42,0.0785,94.6154,71.7496,108.8964,73.3359,5.3603,4.0767,376.4055,2.471,17.759,0.9811,36.9
26.46,0.0765,97.5221,68.0722,103.8739,70.7247,5.2079,3.8178,458.5479,2.2269,17.1756,0.9809,36.9
26.52,0.073,96.2185,79.9132,107.7476,73.1328,5.3152,3.7276,447.5593,2.6141,15.6001,0.9764,36.9
26.56,0.0693,92.0505,78.512,112.3267,73.7004,5.5646,4.0414,335.8201,2.5202,18.0123,0.9753,36.9
26.62,0.0734,96.8749,78.7759,110.0818,74.6912,5.0893,4.6041,381.6543,2.5772,16.6097,0.9788,36.9
26.66,0.0661,93.768,70.0808,111.9329,75.5193,5.7716,4.6208,329.4943,2.8254,16.5241,0.9769,36.9
26.72,0.0665,91.9911,69.6235,103.6927,75.2208,5.9082,4.7495,309.9393,2.5613,17.5642,0.9788,36.9
26.76,0.0703,90.4948,78.3851,101.215,72.7255,5.3909,4.1134,214.2142,2.7128,18.075,0.9764,36.9
26.82,0.0646,92.8004,72.302,113.363,73.1824,6.1629,4.416,351.8894,2.4642,16.1965,0.98,36.9
26.86,0.0709,89.9525,74.0389,112.6807,75.963,5.2214,4.4345,328.6077,2.9751,16.7093,0.9762,36.9
26.92,0.0688,89.7998,73.9674,111.2974,75.6117,5.7807,4.6469,467.1208,2.6557,17.195,0.9777,36.9
26.96,0.0807,94.1846,66.8799,112.9662,75.749,5.5703,3.9934,384.5229,2.8722,16.4688,0.9775,36.9
27.02,0.0634,93.7939,80.6511,107.8309,75.0624,5.903,3.8176,372.8858,2.5446,17.6839,0.979,36.9
27.06,0.0847,91.1536,77.8552,111.325,76.2956,5.4724,4.567,398.2231,2.7675,17.3354,0.9789,36.9
27.12,0.0679,97.8494,76.5671,109.4063,74.3505,5.1793,4.3778,379.126,2.8793,16.9603,0.9764,36.9
27.16,0.0731,92.4643,72.247,111.9194,72.7405,5.5858,4.0694,283.169,2.8377,17.0603,0.9818,36.9
27.22,0.0678,88.4013,75.1504,110.9573,75.6327,5.7565,4.1261,353.3407,2.7082,16.0311,0.9789,36.9
27.26,0.0843,93.2689,70.4795,107.9521,76.903,5.722,4.1127,435.3375,2.4988,15.7742,0.9796,36.9
27.32,0.0588,93.8915,79.2458,106.9792,72.2629,5.6513,4.4298,468.3818,2.5545,17.2004,0.9749,36.9
27.36,0.0721,96.1138,65.2276,107.7667,74.6968,5.4494,4.0098,285.2236,2.6639,17.8943,0.98,36.9
27.42,0.0655,92.2165,81.1203,108.8346,75.7943,5.3397,4.6612,391.1848,2.9354,16.6815,0.9777,36.9
27.46,0.0623,92.4516,74.7085,111.0324,75.3172,5.2991,4.5084,301.9402,2.8591,16.2163,0.9769,36.9
27.52,0.0794,91.8117,74.4782,107.9655,73.7492,5.5694,4.5048,351.5913,2.9092,17.0125,0.9779,36.9
27.56,0.072,88.2119,76.5157,114.1848,74.8994,5.7915,3.8078,318.1476,2.7497,16.7384,0.9777,36.9
27.62,0.0749,94.7323,75.2544,108.4025,75.2739,5.5177,4.1136,407.0699,2.4288,16.8967,0.9783,36.9
27.66,0.0724,89.722,78.0388,104.7751,76.4268,5.0264,3.814,381.6275,2.4745,15.8322,0.9779,36.9
27.72,0.0811,94.8132,71.5991,106.3419,76.0965,5.7164,4.4455,340.7132,2.7036,16.6845,0.9781,36.9
27.76,0.0633,97.3009,78.4368,105.8488,73.7429,5.3121,4.1183,374.4514,2.6989,16.8316,0.9793,36.9
27.82,0.0756,97.0474,74.9106,111.2732,72.2037,5.3046,4.4284,348.6901,2.6789,17.11,0.9782,36.9
27.86,0.0797,93.4995,71.0359,108.3603,71.3036,5.502,4.1002,429.8939,3.1357,17.1138,0.9784,36.9
27.92,0.0668,92.223,71.2141,112.9467,74.3553,5.1734,4.0541,382.0946,2.7931,16.914,0.9797,36.9
27.96,0.0644,97.015,67.5349,113.933,73.3685,5.582,4.2112,397.961,2.8028,17.2481,0.9799,36.9
28.02,0.0778,93.4963,74.5049,107.0113,76.9754,5.2205,4.5374,371.0535,2.6795,16.1977,0.9792,36.9
28.06,0.0666,96.4722,75.4943,101.3055,73.7781,5.2691,3.966,432.3677,2.8098,16.884,0.9815,36.9
28.12,0.0621,95.304,72.4141,106.4847,73.4324,5.1665,3.8715,369.1625,2.6237,17.4635,0.9758,36.9
28.16,0.0645,91.0769,71.5414,107.6745,74.6531,5.1869,4.0861,409.1626,2.5893,17.3205,0.9773,36.9
28.22,0.0653,94.8221,79.2466,110.9568,71.3712,5.7959,4.2281,325.3125,2.3914,16.9638,0.9776,36.9
28.26,0.0667,89.421,78.8019,118.091,75.5451,5.6238,3.9871,409.3071,2.543,16.5071,0.978,36.9
28.32,0.0755,93.6951,68.3952,111.2597,72.3124,4.8066,4.1981,241.007,2.5242,16.0875,0.9783,36.9
28.36,0.0735,93.8848,76.4442,111.0086,76.1957,5.3218,3.4937,358.3182,2.6919,16.3598,0.9761,36.9
28.42,0.0766,90.1173,78.1156,111.7798,72.9402,5.6355,4.7054,344.2808,2.3074,17.1811,0.9803,36.9
28.46,0.0758,93.9347,71.159,113.1741,71.5009,5.575,4.2124,307.5435,2.8344,17.6026,0.9788,36.9
28.52,0.0668,92.3498,65.6779,100.7252,72.0278,5.9002,4.0581,294.6048,2.8909,16.1949,0.9772,36.9
28.56,0.077,92.4853,73.1209,106.4619,74.419,5.2168,4.2204,249.5848,2.3404,16.2737,0.9774,36.9
28.62,0.0638,97.6247,65.5172,107.0433,74.8053,5.6795,4.1745,404.5777,2.5523,17.3283,0.9777,36.9
28.66,0.0804,91.8575,70.8182,105.192,74.9985,5.3753,4.5246,440.7496,2.5049,17.2289,0.9748,36.9
28.72,0.0614,92.1773,72.401,107.9411,72.653,5.6992,4.2534,307.0241,2.6377,18.1349,0.9776,36.9
28.76,0.0805,90.0292,73.7168,112.0453,72.9549,4.8404,3.9206,278.5378,2.5429,16.6163,0.9791,36.9
28.82,0.0636,95.8996,72.7076,116.831,74.6275,5.3235,4.3431,330.5321,2.4157,16.394,0.9788,36.9
28.86,0.0764,88.1388,79.8603,109.9752,73.7035,5.5359,4.1404,362.0692,2.5869,17.6297,0.9771,36.9
28.92,0.0674,96.6003,73.6826,103.7529,73.5334,5.5266,4.1919,405.2125,2.142,15.8692,0.9743,36.9
28.96,0.0707,91.6432,79.5341,102.6793,75.006,5.4945,4.1599,515.6829,2.6968,15.4209,0.9753,36.9
29.02,0.079,97.5223,78.2123,113.8042,73.8656,5.9752,4.525,374.7631,2.4565,15.9784,0.9771,36.9
29.06,0.0745,94.6241,75.9136,105.6533,73.6291,4.8248,4.6889,356.3217,2.5681,16.5159,0.9783,36.9
29.12,0.0769,93.6974,72.0307,113.1785,74.416,5.2048,4.01,370.9733,2.1777,16.6758,0.9729,36.9
29.16,0.0693,92.1531,75.1288,110.5611,75.2477,5.111,4.1093,307.5717,2.7293,16.2769,0.9794,36.9
29.22,0.057,97.9021,67.312,111.8121,74.0824,5.5272,4.2883,370.7559,2.3677,17.1516,0.9793,36.9
29.26,0.0683,91.0662,73.4984,110.9,75.2415,5.6697,4.9688,431.3025,2.5176,16.084,0.9763,36.9
29.32,0.0726,93.8364,69.7645,109.6499,71.4365,5.1096,4.0649,367.7402,2.7452,16.9455,0.9737,36.9
29.36,0.079,93.279,66.768,111.1996,74.6147,5.3803,4.2676,377.3296,2.6101,17.4163,0.9788,36.9
29.42,0.0769,91.8216,70.6949,112.6767,74.3909,5.0934,3.9753,336.4938,2.3226,16.7451,0.9795,36.9
29.46,0.0773,91.0988,69.7402,107.6702,72.8171,5.5222,4.4803,310.3903,2.7031,15.8499,0.9776,36.9
29.52,0.0696,92.4207,79.2537,116.8625,73.907,5.3641,4.5855,391.5375,2.3822,16.9744,0.9794,36.9
29.56,0.0637,95.0492,76.1954,111.2165,77.0518,4.8981,3.8832,416.959,2.3719,15.6659,0.9748,36.9
29.62,0.0811,95.1733,83.7038,112.3573,73.4759,5.4117,4.7496,344.7596,2.5877,17.8641,0.9778,36.9
29.66,0.0635,93.7397,78.3525,108.8711,74.784,5.6786,3.9064,412.4311,2.4819,16.4785,0.9783,36.9
29.72,0.0817,92.897,74.7543,107.1462,74.6782,5.7606,3.9957,463.6038,2.5153,17.3761,0.9739,36.9
29.76,0.0705,95.3509,79.9538,109.3525,72.6531,5.3954,4.4017,355.1209,2.4404,17.4662,0.9757,36.9
29.82,0.0761,87.0963,80.043,106.5272,74.0997,4.8488,4.1556,306.3895,2.4668,16.7898,0.9789,36.9
29.86,0.066,93.4622,83.9179,109.9043,73.8689,5.7235,3.9604,373.5361,2.3069,15.6893,0.9779,36.9
29.92,0.0776,92.4447,77.2742,112.7983,73.7666,5.7472,4.0912,313.8977,2.615,17.3134,0.9773,36.9
29.96,0.0698,94.0445,81.309,113.052,73.8546,5.4693,4.4493,382.4347,2.6749,16.3593,0.9782,36.9
30.02,0.0845,93.9371,79.0349,111.2353,70.9617,5.8807,4.3869,406.5952,2.7059,16.7502,0.9729,36.9
30.06,0.0789,93.3173,75.4303,106.3363,71.9455,5.344,4.6216,417.3414,2.4123,15.9899,0.9792,36.9
30.12,0.0756,92.1462,78.5269,112.4812,72.7242,5.5893,4.1643,416.8661,2.5707,16.7593,0.9739,36.9
30.16,0.0687,96.0071,73.5093,109.8777,75.9225,5.4131,4.6329,346.9941,2.6498,18.1991,0.9778,36.9
30.22,0.0759,90.718,78.2903,102.3346,71.5347,5.3726,4.4204,324.1382,2.7616,15.2129,0.9766,36.9
30.26,0.0743,90.0951,77.5292,111.683,73.6871,5.2327,4.6413,304.4189,2.5402,16.3183,0.9733,36.9
30.32,0.0775,87.5605,69.4688,104.4771,76.0198,5.1663,3.6075,392.5079,2.9338,17.3732,0.9755,36.9
30.36,0.0757,92.9557,78.2723,104.5025,74.5456,5.3125,4.1915,339.1111,2.9362,17.4316,0.9764,36.9
30.42,0.084,94.9021,72.8075,112.488,73.4049,5.5914,4.1431,406.5668,2.1314,17.9069,0.976,36.9
30.46,0.0818,93.4531,80.75,108.7479,73.8253,5.2832,3.8147,334.2037,2.8048,16.4729,0.9762,36.9
30.52,0.0662,91.4612,79.2243,108.4985,74.0112,5.6765,4.4006,335.677,2.9059,16.2269,0.9774,36.9
30.56,0.0737,96.5617,76.3876,102.6742,73.4618,5.3189,4.8011,379.4067,3.0298,16.7272,0.9792,36.9
30.62,0.0657,88.7893,67.3779,105.9629,73.6983,5.0133,3.7457,458.9685,2.5237,16.3838,0.9768,36.9
30.66,0.0734,90.6776,77.3328,109.4938,72.3895,5.1604,3.8855,272.6737,2.8025,16.3745,0.9774,36.9
30.72,0.0798,88.5674,75.5695,110.9588,73.3068,5.1487,4.038,395.654,2.9197,16.7207,0.9764,36.9
30.76,0.0701,92.5229,67.7417,108.3149,73.212,5.749,4.1194,320.6222,2.9342,17.1726,0.9798,36.9
30.82,0.074,91.9393,84.7431,110.3268,73.9353,5.1847,3.6126,357.2022,2.818,15.2697,0.9795,36.9
30.86,0.0771,95.3256,80.6022,110.3294,73.7947,5.4885,4.5573,226.8278,2.9425,17.0984,0.9737,36.9
30.92,0.0687,93.23,70.872,105.7874,74.021,5.2928,4.3119,381.3307,2.8203,16.8874,0.9775,36.9
30.96,0.0839,90.7751,78.7618,105.5695,73.8599,5.1613,4.2746,358.5355,2.3253,17.2203,0.9774,36.9
31.02,0.0718,89.8649,80.4092,106.6688,74.0105,5.7588,4.0459,433.7127,2.9658,16.2347,0.977,36.9
31.06,0.0736,90.7296,77.1145,106.6318,73.7144,5.2162,4.5466,427.5017,2.7213,16.7151,0.9787,36.9
31.12,0.0719,89.3794,73.9468,111.6627,73.1112,5.3514,4.2809,411.1627,2.6018,16.7142,0.9799,36.9
31.16,0.0624,93.6087,74.1069,107.9686,74.3831,5.429,4.1275,404.8729,2.7498,16.858,0.9794,36.9
31.22,0.0667,95.2695,74.5328,110.8216,74.9148,4.9912,3.9895,351.4744,2.9785,17.0277,0.9751,36.9
31.26,0.0665,90.5277,72.3488,108.8722,72.9478,5.4855,4.6829,318.4493,2.5211,17.4555,0.9759,36.9
31.32,0.0741,88.6803,75.8858,109.5752,69.1171,5.0977,4.1583,464.2663,2.4678,16.9077,0.9778,36.9
31.36,0.0774,92.1131,77.5804,107.2375,73.302,5.0576,4.1925,361.2837,2.3779,15.531,0.9782,36.9
31.42,0.0752,89.4971,77.342,112.6531,74.9349,5.008,4.7069,312.4567,2.5802,16.9075,0.9795,36.9
31.46,0.0813,95.2002,73.5814,104.7531,72.8448,5.0697,4.4445,346.3053,2.4927,16.5179,0.979,36.9
31.52,0.0718,92.0104,71.4496,110.5495,77.2212,4.7401,4.2703,413.5549,2.4223,16.8824,0.9795,36.9
31.56,0.0784,92.5026,70.444,108.099,73.4728,5.4565,4.0769,390.6858,2.3603,15.9912,0.9777,36.9
31.62,0.0648,91.7519,80.8444,111.0423,73.4822,5.0427,4.0274,434.7411,2.5426,17.0237,0.9758,36.9
31.66,0.0712,91.4774,80.9501,108.711,75.2386,5.2804,4.3245,370.2502,2.5951,18.0908,0.9784,36.9
31.72,0.0779,90.3044,72.9171,107.3442,73.7571,5.8069,4.3491,375.5157,2.75,17.2685,0.9754,36.9
31.76,0.0726,91.5027,72.4483,107.8921,74.0503,5.1049,3.9824,295.1084,2.4669,16.3913,0.9786,36.9
31.82,0.0733,93.5828,73.9811,102.7556,71.22,5.4385,5.1123,308.8506,2.6317,16.193,0.975,36.9
31.86,0.0724,92.6628,81.5798,109.9378,75.8835,5.6121,4.1528,304.4194,2.5244,16.6135,0.9768,36.9
31.92,0.0794,91.3934,68.326,104.4632,72.955,5.0355,4.6153,333.0812,2.5122,16.8021,0.9782,36.9
31.96,0.0709,93.9382,73.0681,111.3082,75.0295,5.345,4.0429,436.3365,2.5282,16.9138,0.9799,36.9
32.02,0.0738,94.7345,76.0776,105.965,71.5306,5.2251,4.5546,460.4416,2.4561,16.7289,0.9754,36.9
32.06,0.0816,89.3501,78.8819,103.1905,74.7831,4.5265,4.4305,441.697,2.469,16.5358,0.9786,36.9
32.12,0.0829,90.9678,76.4952,111.1353,74.4904,5.2234,4.5663,351.6644,2.6476,16.4811,0.9792,36.9
32.16,0.0775,93.2145,80.5805,111.4903,73.9152,5.4699,4.3235,471.6544,2.6055,16.9329,0.977,36.9
32.22,0.0718,92.864,65.937,114.7564,74.1474,5.416,4.5345,445.608,2.9824,16.961,0.9764,36.9
32.26,0.0723,94.7605,79.831,111.8171,75.2652,4.9279,4.2852,402.7233,2.5459,16.7007,0.9766,36.9
32.32,0.0789,92.9249,83.0346,106.1654,76.2137,5.4636,4.0778,351.8036,2.6545,16.5202,0.9781,36.9
32.36,0.0845,84.3142,74.2469,105.4931,74.7474,5.1013,4.3195,368.7877,2.4679,16.6366,0.9801,36.9
32.42,0.0762,97.217,76.095,117.9257,73.4635,5.3862,4.337,371.136,2.4876,17.758,0.9781,36.9
32.46,0.0675,93.926,81.321,103.7353,71.0771,5.3338,4.2931,449.7535,2.6362,16.3103,0.9759,36.9
32.52,0.0693,91.0573,77.857,104.5706,76.0019,5.7816,4.2818,482.1452,2.6593,16.6181,0.9743,36.9
32.56,0.0739,93.1715,85.5177,110.4144,72.6499,5.376,4.5837,370.2608,2.6612,16.0261,0.9767,36.9
32.62,0.0842,90.9198,82.9514,107.6144,75.158,4.9281,4.1855,403.6459,2.6991,16.0246,0.9734,36.9
32.66,0.0616,93.9238,79.3485,109.1517,75.6346,5.5614,4.4313,444.9107,2.3996,16.5265,0.9792,36.9
32.72,0.0775,95.4792,81.2715,106.935,72.4552,5.0954,3.9467,342.969,2.5317,16.6568,0.9747,36.9
32.76,0.0862,96.116,73.5792,101.275,74.1265,5.6036,4.1558,413.0126,2.3465,16.6346,0.9776,36.9
32.82,0.0694,90.1888,76.1574,102.0143,72.967,5.0872,4.3326,365.5614,2.4128,16.5147,0.9766,36.9
32.86,0.0695,90.5697,75.8687,105.3742,74.7327,5.2741,4.4689,350.5744,2.5471,15.4149,0.9741,36.9
32.92,0.0863,96.0513,80.0184,109.7907,75.6679,5.151,4.5658,360.3229,2.4626,16.6038,0.9747,36.9
32.96,0.0804,89.272,75.5105,111.6922,73.7423,5.6519,4.4815,489.9211,2.8743,16.1659,0.9756,36.9
33.02,0.0862,89.4583,76.2283,106.9327,76.6275,5.3745,4.2115,420.7751,2.4558,16.5514,0.9779,36.9
33.06,0.0738,90.9922,77.3981,107.2996,73.3607,5.1376,4.3451,401.2176,2.4872,16.8029,0.979,36.9
33.12,0.0799,96.1991,81.1298,110.8348,72.8038,5.5022,4.2377,387.0689,2.5569,16.8364,0.9798,36.9
33.16,0.0807,92.123,72.858,117.2336,75.1715,5.4824,4.2092,334.1786,2.3839,16.692,0.9784,36.9
33.22,0.0727,88.4418,71.5481,106.2201,76.5452,5.3662,4.4772,300.1638,2.7064,16.4242,0.9752,36.9
33.26,0.0731,96.6249,85.9964,107.877,75.776,5.2727,4.4236,343.398,2.7407,17.0537,0.9771,36.9
33.32,0.0807,89.4168,73.2238,103.6527,74.9896,5.7093,4.9885,295.9001,2.2639,16.0821,0.9756,36.9
33.36,0.0833,96.7927,82.5429,105.1987,73.8326,5.2486,4.4328,426.8355,2.6911,16.4489,0.9772,36.9
33.42,0.0714,92.2553,77.9618,112.283,72.9816,5.1817,4.9042,393.1766,2.8159,16.1801,0.9751,36.9
33.46,0.0695,92.649,84.1505,109.3783,72.3483,5.4964,4.0575,426.1371,2.4958,17.308,0.9769,36.9
33.52,0.0812,91.7744,66.8596,107.0207,75.681,5.9513,4.197,373.049,2.4373,17.109,0.976,36.9
33.56,0.0685,89.633,86.0055,102.5182,72.7089,5.8249,4.5448,353.5143,2.788,17.0744,0.9783,36.9
33.62,0.0767,88.9964,75.6554,112.6982,74.6156,5.3156,4.1772,277.9813,2.3371,16.6177,0.9765,36.9
33.66,0.0703,97.3655,72.9429,100.9752,73.3225,5.7462,4.0143,448.1736,2.8515,16.8746,0.9798,36.9
33.72,0.0645,93.9613,78.8341,108.7068,76.5184,5.6136,4.4323,357.7845,2.6281,17.3423,0.982,36.9
33.76,0.0684,89.8189,80.2667,108.59,72.6965,5.3805,4.3063,413.9449,2.8992,16.6279,0.9774,36.9
33.82,0.0726,92.0521,72.4811,112.8164,73.0822,4.9794,4.2965,325.2332,2.7666,16.4138,0.9752,36.9
33.86,0.0764,92.0228,78.775,112.9544,73.2447,5.3577,4.8371,297.2081,3.0541,16.8604,0.9761,36.9
33.92,0.0743,91.1795,76.5147,112.456,75.0766,5.7208,4.9476,310.3381,2.6949,16.1942,0.9801,36.9
33.96,0.0647,95.4098,73.461,106.6558,73.6313,5.0777,4.3875,313.786,2.735,16.6172,0.9728,36.9
34.02,0.0711,94.2603,77.7972,109.3186,74.9082,5.3128,4.5164,491.1419,2.6571,16.5859,0.9731,36.9
34.06,0.0804,92.8801,76.0798,111.9772,76.4533,5.6248,4.5363,366.4742,2.6859,16.6468,0.9783,36.9
34.12,0.0725,92.9558,78.8141,108.3805,75.6578,5.3815,4.2988,309.2793,2.9314,16.5305,0.975,36.9
34.16,0.0808,93.0241,79.6065,113.2638,72.7446,5.3248,4.6629,375.8571,2.8143,16.3139,0.9791,36.9
34.22,0.069,92.1231,69.6007,112.4124,74.5131,5.3842,4.3875,288.0839,2.8966,16.6547,0.9787,36.9
34.26,0.0762,94.1014,83.4709,107.6957,74.8817,5.2137,4.0723,401.6878,2.6968,16.814,0.979,36.9
34.32,0.0736,93.0438,88.91,107.1635,73.4622,5.4356,4.5922,301.9594,2.9772,16.5555,0.9768,36.9
34.36,0.078,95.084,71.6686,103.5051,74.9101,5.3691,4.3135,314.9364,3.0571,16.7923,0.975,36.9
34.42,0.0676,96.4736,84.2606,112.9838,76.3458,5.5853,3.9385,305.1595,2.8161,17.1084,0.9751,36.9
34.46,0.0657,91.9057,77.0177,109.7621,74.6517,5.3803,4.7953,367.7217,2.7996,16.9032,0.9761,36.9
34.52,0.0731,90.6852,77.9093,109.1424,73.9682,5.7157,4.3287,356.9404,2.7119,16.5378,0.9739,36.9
34.56,0.0681,92.3317,76.9399,107.6601,76.532,5.344,4.1575,323.0992,2.657,17.2872,0.9751,36.9
34.62,0.0728,93.5126,73.3665,119.1755,72.5764,5.4649,4.7214,329.3869,2.8211,16.5215,0.9763,36.9
34.66,0.0596,92.2795,77.6012,107.325,72.5742,5.4763,4.1622,365.9682,2.5628,17.1626,0.9785,36.9
34.72,0.0812,90.7129,82.4281,109.7649,74.0863,5.8092,4.3375,310.877,2.5623,16.8467,0.9768,36.9
34.76,0.0769,95.93,77.7619,111.8554,73.7633,5.61,4.1032,291.2333,2.5726,17.2072,0.9743,36.9
34.82,0.0824,91.5682,83.0548,102.2736,75.1856,5.0582,3.7145,340.6935,2.4926,16.6381,0.9786,36.9
34.86,0.083,91.7111,85.1673,100.1623,73.1507,5.1383,4.3166,455.0018,2.7275,17.0757,0.9783,36.9
34.92,0.0685,96.9497,80.831,108.9926,73.586,5.1856,3.8348,292.6116,2.5394,17.5493,0.9781,36.9
34.96,0.0743,87.807,79.6767,110.3964,74.5635,5.1118,4.5635,330.9342,2.8222,15.7598,0.9753,36.9
35.02,0.0687,93.1307,81.0,105.6974,75.2078,4.7866,4.1247,383.4402,3.0143,16.9967,0.974,36.9
35.06,0.0713,93.7578,75.7649,104.9103,74.2352,5.6644,4.6759,391.3944,2.6585,16.3412,0.9748,36.9
35.12,0.0579,91.4913,80.6455,114.506,75.8215,5.2471,4.2201,363.6783,2.4995,16.2456,0.9782,36.9
35.16,0.079,93.0017,70.9093,107.3643,74.6741,5.346,3.5981,434.8619,2.2816,16.9659,0.9707,36.9
35.22,0.0695,97.0282,74.3781,105.399,75.0062,4.8914,3.842,388.1613,2.3707,15.8689,0.9835,36.9
35.26,0.0811,94.0672,76.2827,105.1116,73.893,5.6062,3.9039,380.6876,2.5484,17.1638,0.9735,36.9
35.32,0.079,89.7543,78.6641,107.9789,73.389,5.5473,4.4266,378.9544,2.4904,16.8293,0.9748,36.9
35.36,0.0739,87.9754,74.6439,105.5767,73.2227,5.1299,4.2434,328.6389,2.6113,17.0077,0.9708,36.9
35.42,0.0771,94.5317,78.096,113.2168,75.4518,5.2722,3.8606,345.1951,2.4679,17.5367,0.9752,36.9
35.46,0.0841,90.5977,80.1761,113.2461,74.7417,5.0135,4.7284,402.3822,2.6099,15.9084,0.9782,36.9
35.52,0.0955,94.0451,77.6483,101.3937,75.053,4.9986,4.7092,323.1444,2.7115,16.3943,0.9797,36.9
35.56,0.08,89.4491,70.2783,103.0198,76.3414,5.2208,4.4532,355.9803,2.8815,17.0118,0.9758,36.9
35.62,0.0754,88.54,75.9291,109.1999,74.5953,5.4475,4.3798,408.5387,2.2468,16.4045,0.9767,36.9
35.66,0.0768,93.6735,69.4385,115.6098,75.5561,5.3539,4.7018,345.0706,2.4778,16.8059,0.9768,36.9
35.72,0.0912,91.8083,81.2024,105.8772,74.8597,5.0706,4.0753,227.7731,2.5824,16.0491,0.9789,36.9
35.76,0.0713,92.8175,82.9706,111.8633,73.6999,5.2481,4.1605,443.1541,2.3518,16.6744,0.9777,36.9
35.82,0.0715,91.6538,76.182,104.5398,73.0149,5.5885,4.4291,358.7245,2.385,17.1059,0.9749,36.9
35.86,0.0745,93.7064,77.9452,106.0551,72.9776,5.4037,3.8722,406.8693,2.4516,16.2162,0.976,36.9
35.92,0.0766,93.5125,76.9334,110.5915,74.3754,5.1488,4.1781,373.3531,2.6865,17.2398,0.9767,36.9
35.96,0.074,90.4822,76.4785,107.6857,71.9581,5.2948,4.0265,385.8733,2.4046,17.366,0.9772,36.9
36.02,0.0823,89.4386,75.4049,113.9414,75.2629,5.3896,4.432,332.3649,2.3302,16.1303,0.9813,36.9
36.06,0.0723,90.753,72.1521,109.2104,73.971,4.9723,4.1309,419.1107,2.6266,16.5515,0.9791,36.9
36.12,0.0885,93.2994,74.1971,107.1335,74.877,5.8211,4.1935,428.9381,2.6609,18.3165,0.9797,36.9
36.16,0.0799,90.4142,80.9988,106.4327,74.5743,4.5892,4.4494,415.3819,2.5683,17.1008,0.9811,36.9
36.22,0.0833,93.4652,71.3983,110.9446,72.5965,5.0974,4.3454,397.4951,2.5846,17.2,0.9757,36.9
36.26,0.0745,93.2302,72.505,110.2594,75.0858,4.7258,4.4331,268.5811,2.3416,16.9603,0.9764,36.9
36.32,0.0815,93.3898,81.5236,100.1145,75.5171,5.18,4.8468,400.4777,2.5005,16.51,0.9762,36.9
36.36,0.0691,90.6969,76.7998,109.4471,73.9254,4.9888,4.5624,209.5288,2.6688,16.9659,0.9729,36.9
36.42,0.0683,92.1079,81.5409,108.5328,73.176,5.2257,4.6669,313.6446,2.3569,16.9073,0.9772,36.9
36.46,0.0788,94.6867,71.1467,106.7871,73.4535,4.8373,4.0852,365.8648,2.2049,16.8691,0.9754,36.9
36.52,0.0913,93.2054,76.3736,104.2409,73.0817,5.3595,4.1569,349.2544,2.4118,17.3944,0.9806,36.9
36.56,0.0724,95.2605,77.0503,114.487,75.4883,5.0336,4.2627,399.7003,2.3982,16.3927,0.9775,36.9
36.62,0.0844,90.4611,82.3205,107.5116,76.3327,5.273,4.0767,438.2547,2.5389,16.6911,0.978,36.9
36.66,0.0762,89.8548,71.4031,108.7622,73.9512,5.1088,5.0818,344.4009,2.6428,16.2588,0.9793,36.9
36.72,0.0636,93.2938,78.6991,110.216,72.7015,5.5072,4.2807,409.174,2.77,17.5515,0.975,36.9
36.76,0.0778,92.6524,77.1297,110.3973,74.7288,5.0035,4.7273,339.2993,2.4757,16.3376,0.9783,36.9
36.82,0.0896,91.0455,77.8333,114.1124,72.575,5.1421,4.4996,325.8303,2.3518,16.3243,0.9737,36.9
36.86,0.0839,91.4053,79.9112,107.3558,70.4822,5.062,3.7758,289.8808,2.4735,16.8081,0.9756,36.9
36.92,0.0722,91.706,78.8869,105.9798,72.4122,4.6271,3.9892,371.4655,2.4489,16.5862,0.9775,36.9
36.96,0.0832,93.8582,76.0922,112.2711,75.6573,4.3558,4.4882,310.1096,2.1241,17.2411,0.9743,36.9
37.02,0.0783,94.0967,80.8903,106.5403,73.9218,5.3978,4.3621,379.3492,2.408,16.6518,0.974,36.9
37.06,0.0789,90.5483,78.6036,102.9091,71.4753,5.5488,4.5279,335.3459,2.4976,15.8438,0.9788,36.9
37.12,0.0772,89.8293,77.4819,102.0258,76.0108,5.3907,4.2211,287.1669,2.6167,16.251,0.9748,36.9
37.16,0.0772,89.6828,81.8714,111.6443,72.544,5.1421,4.1701,293.5921,2.238,16.858,0.9765,36.9
37.22,0.0671,86.3763,77.8506,104.1139,74.9801,5.3989,4.0044,402.1131,2.3887,16.8537,0.974,36.9
37.26,0.0806,94.5667,78.84,101.9224,78.1374,5.0961,3.9253,415.3036,2.4777,16.6973,0.9759,36.9
37.32,0.0663,88.4839,75.578,107.3209,75.5606,5.3635,4.517,305.1064,2.5478,16.4075,0.9745,36.9
37.36,0.0698,93.2943,79.7926,104.5218,74.4893,5.4707,4.4402,239.7771,2.6588,16.8438,0.9761,36.9
37.42,0.0749,90.4696,80.1105,108.0139,74.5013,5.5816,4.354,333.5125,2.856,17.1078,0.9792,36.9
37.46,0.0928,88.7943,76.5822,106.0838,73.5786,5.1512,4.5865,319.365,2.6733,16.4646,0.9727,36.9
37.52,0.0721,92.8637,80.0115,101.9902,75.148,5.057,4.4397,431.4476,2.8251,16.8695,0.9728,36.9
37.56,0.0843,93.1068,77.0242,106.8231,73.3839,4.7782,4.7413,304.486,2.5993,16.7615,0.9728,36.9
37.62,0.0766,93.7682,73.168,104.9094,72.2678,5.1732,4.0103,357.7657,3.1331,16.6932,0.9793,36.9
37.66,0.0786,94.5136,86.7079,107.7525,73.2869,4.9206,4.11,440.1278,3.0823,16.9518,0.977,36.9
37.72,0.0834,92.007,77.5727,107.9005,74.3715,5.0127,4.2135,294.5955,3.1678,17.2624,0.9739,36.9
37.76,0.0773,89.7089,83.2058,104.0819,75.9835,5.3225,4.3707,420.3152,2.5197,16.3155,0.9773,36.9
37.82,0.0673,84.9656,74.8966,108.9788,74.2198,5.0353,4.7594,396.5314,2.8629,17.3158,0.9761,36.9
37.86,0.0824,94.4979,74.1627,102.9528,74.1129,4.717,4.5551,392.6555,2.5876,16.2462,0.979,36.9
37.92,0.076,89.6478,79.5853,111.3082,74.2768,4.8109,5.1692,233.5615,2.5298,17.239,0.9751,36.9
37.96,0.0781,89.9614,73.6183,110.933,71.8586,5.2373,4.3164,361.0222,2.8963,16.7076,0.9752,36.9
38.02,0.0736,94.0789,85.708,110.2553,71.7714,5.0892,4.3889,337.7885,3.1498,17.0655,0.9764,36.9
38.06,0.0866,91.7083,81.1854,103.3489,74.7423,5.1988,4.5357,349.5043,2.5633,17.5191,0.9719,36.9
38.12,0.0786,92.3446,85.7518,109.2448,75.1092,4.9848,4.1029,321.623,2.9798,17.1608,0.975,36.9
38.16,0.0732,94.299,79.3437,108.9619,71.3247,5.315,4.8374,368.1015,2.6225,17.5422,0.9781,36.9
38.22,0.0748,85.2929,78.6069,105.3257,76.0644,5.6553,4.5263,365.7307,3.0188,17.7593,0.9722,36.9
38.26,0.079,92.6786,77.3139,112.6828,77.7325,4.9594,4.8619,307.2121,2.6078,17.4623,0.9734,36.9
38.32,0.0736,92.2861,76.8258,101.9792,73.7816,4.4468,4.6847,364.0226,2.6741,16.7943,0.9778,36.9
38.36,0.0766,93.8816,72.0655,106.134,73.0222,5.6416,4.2124,353.6082,2.5837,17.323,0.9774,36.9
38.42,0.0758,93.5326,73.7922,112.2098,74.9761,5.821,4.5792,347.2601,2.7599,15.6399,0.9789,36.9
38.46,0.0877,93.8704,80.2298,112.7383,73.7252,5.1705,4.7578,276.6041,2.528,16.1266,0.9752,36.9
38.52,0.0803,90.033,71.5111,109.6147,74.7503,5.0078,4.4577,418.7418,2.8806,16.6391,0.9739,36.9
38.56,0.0725,90.2036,76.6149,117.8554,74.2205,5.1948,4.8898,295.3009,2.4706,16.5854,0.9732,36.9
38.62,0.0766,89.9767,76.6902,105.6706,74.7575,5.5102,4.5689,425.4285,2.7054,15.4369,0.9747,36.9
38.66,0.0735,95.2016,71.2657,107.9469,74.961,5.5875,4.8265,350.495,2.6857,17.0154,0.9776,36.9
38.72,0.0844,90.2409,79.2853,105.024,74.2218,5.1569,4.0666,371.9298,2.3275,16.5679,0.978,36.9
38.76,0.0797,90.8835,80.832,106.0238,75.0874,5.4549,4.6841,417.4984,2.7715,17.232,0.9773,36.9
38.82,0.0782,90.4406,81.5231,104.8507,74.5034,4.9477,3.8834,398.1183,2.4897,16.1295,0.9763,36.9
38.86,0.0803,89.2622,74.8217,107.2466,74.4557,5.4736,4.2677,350.0221,2.6432,17.8375,0.9729,36.9
38.92,0.0815,89.5569,74.7399,108.9591,73.9587,4.9156,4.2507,372.7371,2.856,16.9383,0.9735,36.9
38.96,0.0724,90.3142,80.5731,107.1798,73.8797,5.0438,4.1059,370.1298,2.6378,16.3776,0.9756,36.9
39.02,0.079,88.2281,87.1784,111.2881,74.423,4.8861,4.6512,334.3772,2.1699,16.5038,0.9764,36.9
39.06,0.0756,93.308,76.9276,110.7474,71.2429,5.2968,4.0058,463.5474,2.1209,17.4592,0.9768,36.9
39.12,0.0801,87.7247,83.5969,109.3051,74.6469,5.1714,4.2076,360.447,2.7385,16.8453,0.9761,36.9
39.16,0.0853,91.8031,75.3964,103.7352,72.8139,5.1931,4.8036,228.7902,2.3853,17.0089,0.9734,36.9
39.22,0.0863,93.9957,82.7906,108.1442,75.0504,5.3353,4.6659,279.6581,2.4547,16.5614,0.9764,36.9
39.26,0.067,90.5842,76.9036,108.1679,74.4302,5.1595,5.0011,366.3339,2.2912,16.8954,0.9762,36.9
39.32,0.0831,89.0256,78.5407,105.8139,71.8273,4.8778,4.2864,260.9336,2.6066,16.6408,0.9788,36.9
39.36,0.0822,92.316,77.9806,108.9345,76.6087,5.278,4.4647,359.0097,2.4959,17.0272,0.9749,36.9
39.42,0.0788,94.5656,77.1235,107.9755,76.9623,5.369,4.9495,353.8135,2.9459,15.8639,0.9776,36.9
39.46,0.0793,89.2189,78.2847,105.7645,74.505,5.0064,4.4144,246.3384,2.5568,17.9369,0.977,36.9
39.52,0.0759,93.9617,80.3101,108.0177,73.9109,5.3754,4.1689,364.3653,2.5165,16.9589,0.9755,36.9
39.56,0.0785,92.2589,81.9833,106.827,73.4975,4.9384,4.5404,411.1306,2.4796,16.6653,0.975,36.9
39.62,0.0785,90.1114,81.4271,110.4781,75.4945,5.353,5.2784,345.7646,2.4503,16.6135,0.9736,36.9
39.66,0.076,93.2086,77.9004,102.4952,73.8324,5.0713,4.6381,291.8313,2.4094,17.07,0.9788,36.9
39.72,0.0821,93.6917,80.05,107.1153,72.0663,4.9386,4.3512,198.5236,2.7558,16.7062,0.9751,36.9
39.76,0.0826,90.286,86.6101,108.4643,77.0225,5.2236,4.5236,396.0479,2.1778,17.142,0.9779,36.9
39.82,0.0813,93.8054,73.4891,103.1151,74.2981,5.2739,4.5551,343.2527,2.4148,16.8539,0.9793,36.9
39.86,0.0633,88.7195,81.1405,111.7844,72.6879,5.1579,4.675,365.0646,2.5147,16.9028,0.9771,36.9
39.92,0.0867,88.2889,87.2718,103.3647,75.3569,5.1595,4.2129,353.9031,2.4729,17.8431,0.9769,36.9
39.96,0.0745,89.9876,85.9391,105.6232,72.8664,5.3526,4.2104,334.9664,2.7409,16.9004,0.9768,36.9
40.02,0.0754,98.2222,79.7216,101.2278,73.768,5.1354,4.7303,331.4164,2.5511,16.0186,0.9776,36.9
40.06,0.0874,90.0353,79.139,110.1376,76.2817,4.8938,4.0373,376.736,2.4812,17.8332,0.9735,36.9
40.12,0.0759,93.1728,79.9955,119.0708,74.0079,5.4487,4.3296,385.7186,2.2739,16.9245,0.9766,36.9
40.16,0.092,94.9619,78.0962,107.3138,77.8924,5.1993,4.5922,348.1314,2.4051,15.9098,0.9774,36.9
40.22,0.0802,92.5712,79.6276,107.0506,75.2589,5.001,4.242,285.5438,2.5556,17.0328,0.976,36.9
40.26,0.0638,89.6202,68.4866,105.8833,74.061,5.3659,4.6789,299.9248,2.6241,17.8252,0.9822,36.9
40.32,0.0765,97.0509,77.5237,111.5194,75.0765,4.8675,4.7065,471.9881,2.2273,17.1486,0.9741,36.9
40.36,0.0751,90.0209,68.4642,107.9163,76.4823,4.7908,3.9184,378.9614,2.492,17.5358,0.9764,36.9
40.42,0.0865,94.0898,66.5502,107.2892,76.3115,5.534,4.7579,314.9725,2.8434,17.0824,0.974,36.9
40.46,0.0866,94.0089,80.8319,108.0659,74.7447,5.2733,4.3961,263.3426,2.5464,17.1931,0.9774,36.9
40.52,0.0726,92.0258,77.1971,105.8766,75.3239,4.9744,4.011,363.8166,2.5111,16.83,0.9768,36.9
40.56,0.088,87.4639,76.325,102.033,74.6958,5.523,4.351,350.1198,2.2613,17.1134,0.9761,36.9
40.62,0.0841,93.9639,84.4082,109.1256,74.0726,5.3129,3.9434,391.5932,2.2778,16.6944,0.9791,36.9
40.66,0.0798,93.2566,80.7049,109.2757,79.5524,5.1233,4.1407,371.2426,2.5226,15.7226,0.9799,36.9
40.72,0.0757,88.8489,81.0187,108.7286,72.8132,5.2209,4.3967,300.5916,2.5129,16.6387,0.9786,36.9
40.76,0.0845,97.7805,72.9608,107.8262,77.5455,5.0647,4.8225,334.3188,2.484,17.0816,0.9753,36.9
40.82,0.0714,94.7466,79.2059,107.3418,73.7312,4.7027,4.4597,482.7131,2.7691,17.5662,0.9718,36.9
40.86,0.0812,93.0796,79.7758,102.6933,71.3855,5.0086,4.3315,267.3826,2.6213,17.5821,0.9752,36.9
40.92,0.0816,98.7194,86.8351,104.944,75.8863,5.6749,4.4136,290.2655,3.0111,16.0957,0.9775,36.9
40.96,0.0735,94.5025,73.7896,112.5902,75.7288,5.3414,4.6228,386.0483,2.5501,16.5878,0.976,36.9
41.02,0.0794,96.2018,82.1539,104.0726,73.3025,5.0407,4.1968,239.832,2.7509,18.1605,0.9735,36.9
41.06,0.0788,91.7392,73.9158,112.2685,76.1757,5.6632,4.9177,295.4702,2.6887,16.6107,0.9754,36.9
41.12,0.0762,92.3872,77.3912,106.9719,74.6811,5.5331,4.3331,293.8253,2.9816,16.6368,0.9798,36.9
41.16,0.0791,93.6693,76.9218,105.4214,76.3079,5.2496,4.4462,345.1365,2.7307,17.3814,0.9798,36.9
41.22,0.0683,92.6643,80.123,106.5196,73.8209,5.13,4.1934,402.593,2.8165,17.0493,0.9769,36.9
41.26,0.0774,91.8779,79.1879,105.8064,73.5787,5.4987,3.8078,393.2637,2.6934,15.5448,0.9782,36.9
41.32,0.0803,88.823,79.0701,108.1177,74.2629,5.2622,4.7436,317.2097,2.9041,17.5431,0.975,36.9
41.36,0.069,94.7941,81.782,105.1298,75.3839,5.5209,4.263,364.2675,2.8721,16.3346,0.9789,36.9
41.42,0.0815,91.1075,76.8708,104.7435,72.895,4.9497,4.3289,387.6917,2.787,16.5167,0.9736,36.9
41.46,0.0747,90.5997,82.1738,106.3232,78.229,4.9967,4.6496,281.9869,2.8425,16.0487,0.9724,36.9
41.52,0.0839,90.7284,75.697,108.1055,75.1943,5.5584,4.7069,323.9828,2.7941,17.2117,0.974,36.9
41.56,0.0846,92.1045,79.4044,106.356,73.184,4.9452,4.3452,314.8075,2.8275,17.0012,0.9714,36.9
41.62,0.0773,89.1595,81.4021,109.2891,75.2852,5.0672,4.1147,380.0715,2.4631,17.2189,0.9728,36.9
41.66,0.0814,90.9837,75.7234,112.6877,77.2951,5.0868,4.5418,301.1729,2.7014,16.0857,0.9818,36.9
41.72,0.0755,89.9974,75.5634,112.6883,73.8631,4.8748,4.5466,419.1673,2.4511,16.8207,0.9801,36.9
41.76,0.0811,92.3217,76.0669,104.2122,74.3713,5.3849,4.7002,300.4925,2.6247,16.1811,0.9751,36.9
41.82,0.0775,93.7951,76.0603,110.3209,74.5798,5.5449,4.3368,411.0432,2.8693,18.4029,0.9768,36.9
41.86,0.0736,92.0855,76.3803,108.9117,75.4464,4.8489,4.6917,365.6547,2.4544,16.023,0.9752,36.9
41.92,0.0847,95.1927,82.013,101.3633,74.0091,5.7493,4.3572,396.6291,2.7353,17.2005,0.9738,36.9
41.96,0.0807,93.3523,81.0046,110.4395,73.2143,5.1596,4.9802,355.7944,2.5096,18.1483,0.9724,36.9
42.02,0.0789,93.3006,80.6422,107.8788,72.7202,4.813,4.241,372.039,2.5683,16.7109,0.9753,36.9
42.06,0.0754,91.8237,76.4784,105.6657,75.164,5.2995,4.5825,396.0156,2.7482,16.9374,0.9782,36.9
42.12,0.0636,90.4517,87.9297,106.83,74.3092,5.0921,4.7136,379.9875,2.5417,16.8537,0.9775,36.9
42.16,0.0851,99.4389,81.4969,109.9873,73.1763,5.2001,4.622,387.4002,2.3691,16.5005,0.9782,36.9
42.22,0.0879,97.0172,73.91,109.013,75.2392,4.617,4.2003,278.5672,2.5333,16.7635,0.9735,36.9
42.26,0.0796,94.9946,83.5708,104.8832,73.053,5.4545,4.0463,335.7215,2.5647,17.1219,0.9751,36.9
42.32,0.0811,95.2444,74.8742,103.6582,72.7425,5.1766,4.08,352.4703,2.7996,16.6083,0.9743,36.9
42.36,0.0884,88.5452,80.8778,103.6187,73.9487,5.1914,4.4359,442.5883,2.8676,17.5299,0.9749,36.9
42.42,0.0707,94.4322,83.1043,111.139,73.7412,4.9986,4.6122,348.7566,2.524,17.7235,0.9773,36.9
42.46,0.0848,88.7733,72.3911,107.4573,73.5819,5.6256,4.5496,334.0057,2.569,16.6656,0.9716,36.9
42.52,0.0721,91.2632,76.9037,111.5659,75.2054,5.5163,4.5209,437.329,2.58,17.3585,0.9732,36.9
42.56,0.083,94.2004,79.0542,100.7135,70.6006,5.2911,4.18,344.1754,2.5876,16.3218,0.9762,36.9
42.62,0.0884,94.5114,76.2594,105.5519,74.5001,5.2876,4.3607,379.1087,2.6943,16.4753,0.9715,36.9
42.66,0.077,91.4933,87.4406,105.9233,72.2425,4.9484,4.9136,403.3202,2.7177,16.256,0.9763,36.9
42.72,0.0773,92.568,76.484,108.2498,77.9657,5.1741,3.9169,339.0089,2.5671,16.5423,0.9791,36.9
42.76,0.077,89.6362,83.2035,111.8789,74.0403,5.2924,4.3732,402.5773,2.9223,17.9497,0.9767,36.9
42.82,0.0858,90.8992,70.9558,108.6917,74.7896,5.2042,4.385,362.368,2.4448,16.6532,0.9753,36.9
42.86,0.0931,93.4532,77.4406,103.5296,73.4821,5.357,4.7563,351.2168,2.4939,17.5406,0.977,36.9
42.92,0.0779,87.9567,77.5452,106.6268,78.12,5.6071,4.4079,374.6088,2.4785,17.167,0.9743,36.9
42.96,0.0812,88.9613,75.9579,107.8035,74.1709,5.3363,4.4292,360.0929,2.7379,15.8317,0.9758,36.9
43.02,0.0791,96.2528,78.5984,106.0198,73.5505,5.1402,4.3611,361.7145,2.4096,16.2206,0.9722,36.9
43.06,0.0818,91.1044,78.104,103.2545,71.801,4.8834,4.4708,247.3039,2.497,17.4321,0.9761,36.9
43.12,0.0814,91.2909,74.1428,108.8777,74.2305,5.6218,4.3964,418.1082,2.5917,16.6508,0.978,36.9
43.16,0.0789,91.2536,85.2785,104.5926,73.9353,5.1667,4.6589,306.3748,2.4913,16.9228,0.9795,36.9
43.22,0.0881,92.5634,75.234,107.0204,73.0173,4.9173,4.0096,327.7416,2.8989,17.5218,0.9763,36.9
43.26,0.0784,92.6639,80.4264,106.9896,75.5319,4.8683,4.2601,295.1436,2.3269,17.4593,0.9751,36.9
43.32,0.0885,89.2444,74.7487,105.2873,73.5725,5.2932,4.6168,312.2937,2.1787,17.4235,0.978,36.9
43.36,0.0767,91.9387,74.7168,105.8502,73.9227,4.8042,4.7181,405.59,2.5802,16.5219,0.9746,36.9
43.42,0.0865,92.238,75.8186,116.516,74.986,5.1097,4.5154,291.655,2.5038,17.383,0.9717,36.9
43.46,0.0777,91.4238,77.3599,109.8032,73.7792,5.2718,3.7897,344.9735,2.619,17.363,0.9795,36.9
43.52,0.085,94.724,78.9385,109.4154,75.7042,5.1518,4.3835,324.2018,2.7031,16.6702,0.9761,36.9
43.56,0.0768,93.6859,82.3399,105.9042,74.0854,5.7373,4.5208,283.1121,2.6721,17.9253,0.9791,36.9
43.62,0.0885,94.8229,78.007,105.993,74.4267,5.1159,4.7449,303.2074,2.4901,17.0699,0.9759,36.9
43.66,0.072,90.9704,75.2829,108.2708,73.4635,5.4331,4.5046,413.6244,2.3004,16.5879,0.9761,36.9
43.72,0.086,93.9799,76.4856,105.0849,72.0037,4.5825,4.2599,328.6561,2.6836,17.5022,0.9749,36.9
43.76,0.0861,92.6701,86.2687,108.0737,72.9229,4.6762,4.7283,343.8536,2.4722,17.2745,0.9747,36.9
43.82,0.091,90.6056,79.3708,105.6874,71.8071,5.1889,4.3811,406.6128,2.3698,16.532,0.9764,36.9
43.86,0.0819,93.799,83.471,108.5175,72.446,5.5504,4.3568,404.5064,2.2765,16.4919,0.9741,36.9
43.92,0.0801,90.7325,76.4434,108.0234,75.5792,5.7975,4.5545,316.9175,2.3495,17.3272,0.973,36.9
43.96,0.0795,94.4244,81.5462,103.5941,75.0751,5.0301,4.664,287.8886,2.261,17.0843,0.9747,36.9
44.02,0.0944,87.6771,72.625,104.9344,75.2941,5.1255,4.2489,412.4618,2.5806,16.6669,0.9758,36.9
44.06,0.0777,93.9463,75.4929,101.0611,73.3923,5.5649,4.9453,344.1897,2.4798,17.8484,0.9772,36.9
44.12,0.0799,90.9906,83.1668,108.9114,75.1463,4.9771,4.756,312.7537,2.3337,16.2917,0.9724,36.9
44.16,0.0878,89.0845,85.8011,101.8739,73.2696,4.9157,4.3202,352.8981,2.4806,14.8205,0.9772,36.9
44.22,0.0751,91.4415,76.0954,113.4731,76.3419,5.1185,4.614,344.3164,2.7732,16.9232,0.9752,36.9
44.26,0.0743,92.7318,71.8166,104.5538,71.3038,5.4179,4.2606,380.4472,2.6783,17.2338,0.9726,36.9
44.32,0.0949,93.9502,72.9724,110.1116,74.3168,5.1458,3.9084,333.8369,2.496,16.9659,0.9734,36.9
44.36,0.0755,95.2272,83.5355,109.6975,75.3244,4.8663,4.8793,341.8378,2.9803,17.1056,0.9765,36.9
44.42,0.0892,90.773,75.8886,105.3929,74.3379,5.2039,4.632,378.877,2.6226,16.4819,0.9755,36.9
44.46,0.0832,89.731,79.6932,108.1793,73.9588,5.1657,4.0643,358.0649,3.0691,17.2146,0.976,36.9
44.52,0.0721,86.4116,71.4218,104.0408,74.1125,5.4982,4.1714,340.6208,2.5516,17.6141,0.9813,36.9
44.56,0.0894,91.7024,74.0306,103.2126,73.3467,5.3817,4.27,356.8709,2.395,18.0282,0.9742,36.9
44.62,0.0818,90.4186,86.5113,106.3507,71.2109,5.0682,4.1833,366.1088,2.8616,16.4012,0.9742,36.9
44.66,0.0814,91.6006,72.8636,99.9331,74.9688,4.8682,4.2683,292.923,2.6659,16.8793,0.9739,36.9
44.72,0.0936,91.5859,74.2028,108.2433,73.2519,5.1615,3.8766,311.6149,2.8331,17.1747,0.9724,36.9
44.76,0.0771,90.5432,74.3854,103.4682,75.1931,5.1035,4.4003,350.5486,2.8127,16.786,0.9793,36.9
44.82,0.0882,92.9368,81.9394,103.1759,74.3152,5.0682,4.5146,306.7731,2.1893,17.0687,0.9754,36.9
44.86,0.0745,89.8448,74.7963,106.1914,73.8367,5.1829,4.5338,359.9829,2.9231,16.1199,0.9737,36.9
44.92,0.0789,96.8589,80.5549,103.7255,71.7256,4.9015,4.3802,333.1461,2.6299,17.4471,0.9782,36.9
44.96,0.0788,93.4126,83.325,110.2292,76.1755,5.4881,4.7044,359.4353,2.7865,17.2106,0.9763,36.9
45.02,0.0832,90.4525,77.4243,106.6293,73.1259,5.3552,4.7516,327.2863,2.8684,16.6571,0.9756,36.9
45.06,0.0777,93.5457,77.2446,102.8855,71.5946,5.8354,5.0683,448.5451,2.5965,17.4862,0.9746,36.9
45.12,0.0805,89.9945,78.9739,110.9843,73.969,5.3063,4.5899,380.5338,2.7581,17.564,0.9744,36.9
45.16,0.0794,91.6041,73.9759,107.0891,73.9864,5.2075,5.3129,239.0252,2.7856,16.0147,0.9746,36.9
45.22,0.0762,89.6903,76.8474,106.2048,73.7972,5.3882,4.5242,378.9438,2.7035,16.6539,0.975,36.9
45.26,0.0775,87.0013,81.457,106.2687,74.2892,5.3556,3.9184,244.432,2.5685,16.6577,0.9782,36.9
45.32,0.0854,95.7735,78.693,104.9227,74.0672,4.8018,4.6944,327.1508,2.8576,17.2987,0.9766,36.9
45.36,0.0915,88.6543,77.969,107.3397,73.6331,5.0876,4.5172,338.0884,2.9087,17.0163,0.9778,36.9
45.42,0.086,89.3369,75.2222,110.5234,74.6811,4.9872,4.4299,364.3043,2.6096,17.5809,0.9807,36.9
45.46,0.0702,91.1238,81.8394,106.1328,72.5546,5.3768,4.8063,326.7767,2.5961,17.2132,0.9778,36.9
45.52,0.0968,89.0608,78.6144,107.1904,74.3814,4.7311,4.2256,384.1459,2.7129,17.2082,0.9776,36.9
45.56,0.0777,88.7374,80.8821,105.9603,77.4168,5.3206,4.6443,403.632,2.6872,17.0094,0.9769,36.9
45.62,0.0689,93.8689,78.8054,104.8722,73.6747,5.4003,4.7838,316.8613,2.8934,17.3973,0.9756,36.9
45.66,0.0965,91.769,76.5607,111.1087,73.4122,4.9214,4.2659,343.3268,2.7451,16.6947,0.9735,36.9
45.72,0.0859,91.2811,73.1695,110.079,72.5043,4.91,4.2443,307.4569,2.6245,16.214,0.9758,36.9
45.76,0.0787,95.0909,85.649,106.6733,76.0977,4.8637,4.1974,390.0372,2.6292,17.7079,0.9785,36.9
45.82,0.0916,93.321,77.188,101.472,74.8233,4.5537,4.6075,277.1876,2.5921,17.4099,0.977,36.9
45.86,0.0825,90.0577,85.9725,104.6591,76.2983,5.3953,4.6541,466.6832,2.557,17.092,0.9791,36.9
45.92,0.0817,91.3589,81.8871,103.3045,76.2254,4.9349,4.4302,387.5065,2.3869,16.9323,0.9781,36.9
45.96,0.0773,86.3747,77.7079,106.2518,73.9259,5.0637,4.7312,292.1471,2.6806,16.9753,0.9733,36.9
46.02,0.0799,93.2374,83.3039,107.2398,75.5406,5.3332,5.0985,291.6447,2.4876,16.9274,0.9763,36.9
46.06,0.0927,93.0764,80.9526,104.386,73.2486,5.3173,4.4801,360.2359,2.5931,16.847,0.978,36.9
46.12,0.0774,89.4091,82.723,108.4181,72.7683,6.0157,3.9787,374.8006,2.5727,16.7484,0.9789,36.9
46.16,0.0772,90.7472,75.9405,112.5176,73.7429,5.1289,4.5771,331.7393,2.3671,15.7204,0.9715,36.9
46.22,0.0765,92.5973,78.0617,105.8589,73.4811,5.0542,4.4983,289.3375,2.3354,16.4551,0.9711,36.9
46.26,0.0777,91.7791,79.9778,108.3195,75.8419,5.2023,4.3478,366.9427,2.5315,17.694,0.9708,36.9
46.32,0.0776,95.8581,75.785,102.6417,73.0657,5.1014,4.3217,282.784,2.308,17.0234,0.973,36.9
46.36,0.0799,91.1427,83.3023,109.1661,72.8266,5.0819,4.8117,388.0717,2.7753,16.7572,0.969,36.9
46.42,0.0884,90.7566,76.2326,117.2934,74.8674,5.2057,4.2295,427.8533,2.6652,16.2053,0.9795,36.9
46.46,0.0733,91.0828,83.2828,114.5946,74.1335,5.5668,4.2697,368.8746,2.6024,16.3041,0.974,36.9
46.52,0.073,91.9473,82.668,107.9886,74.5393,5.607,4.2072,339.2598,2.2637,16.8866,0.9813,36.9
46.56,0.0792,92.9703,80.511,112.9584,77.3328,5.1831,4.5309,299.4531,2.4657,16.8176,0.9735,36.9
46.62,0.0918,93.4432,80.1762,102.3464,74.1743,5.299,4.1771,271.4332,2.3379,17.234,0.9744,36.9
46.66,0.0797,92.8306,80.0407,110.4518,75.6892,5.5487,4.5616,413.9036,2.6931,16.9255,0.9697,36.9
46.72,0.0724,91.2909,87.3923,112.3497,76.4395,4.3897,4.4256,364.2569,2.6845,17.5018,0.9694,36.9
46.76,0.0893,89.8044,82.0409,113.8337,74.3133,5.6051,4.935,400.7162,2.5285,17.2042,0.9719,36.9
46.82,0.0803,92.3667,82.7269,101.0578,73.606,5.2266,4.9558,384.7523,2.6685,17.0431,0.9741,36.9
46.86,0.0823,92.1044,78.0288,108.5996,77.9115,4.9678,4.9509,322.6398,2.5181,17.4192,0.9733,36.9
46.92,0.0753,94.3253,79.8776,109.4555,77.5557,5.0748,4.2025,256.6198,2.2181,17.2026,0.9747,36.9
46.96,0.0712,91.3926,76.9827,114.0526,75.6639,5.3308,4.3262,399.2773,2.3681,17.2851,0.9752,36.9
47.02,0.0772,96.4252,76.2936,111.3042,72.6688,4.7119,4.4465,331.6834,2.2746,17.5047,0.9764,36.9
47.06,0.0813,91.5677,81.0775,106.2002,76.0549,5.2889,4.3949,324.3656,2.8971,17.0041,0.973,36.9
47.12,0.0888,91.2083,78.2525,114.4933,74.4854,4.9241,4.2289,375.2364,2.8083,17.1286,0.9732,36.9
47.16,0.0708,94.7773,82.376,108.4119,75.763,5.4778,4.0844,360.7906,2.5946,16.5941,0.9774,36.9
47.22,0.0822,91.3915,82.6419,106.2184,75.6896,5.3684,4.4251,395.178,2.5386,16.4353,0.9761,36.9
47.26,0.0845,88.06,79.654,111.7774,73.3213,5.4573,4.9078,372.3726,2.5196,16.8692,0.9746,36.9
47.32,0.067,92.187,89.0498,117.5257,78.771,5.3449,4.202,331.6372,2.3489,16.6347,0.9771,36.9
47.36,0.0803,94.2078,70.9231,109.8938,74.717,5.3544,4.431,410.4896,2.3101,17.2648,0.9731,36.9
47.42,0.0666,94.4092,81.2999,113.3396,78.1908,5.4298,4.3225,364.256,2.1971,16.7556,0.9758,36.9
47.46,0.0813,92.6887,86.3624,106.8707,76.2063,4.9206,5.0024,350.1884,2.2845,17.4617,0.9738,36.9
47.52,0.0851,89.407,73.2842,108.0179,74.195,5.5634,4.4999,414.0976,2.7223,16.7358,0.972,36.9
47.56,0.0754,96.7076,84.4914,110.946,76.7496,5.3439,4.5847,281.6952,2.2471,16.7089,0.9733,36.9
47.62,0.0803,91.4686,71.398,109.2389,76.1831,5.5336,4.3922,260.8529,2.376,16.5993,0.9771,36.9
47.66,0.0784,90.2523,76.1542,107.5201,76.0589,5.3476,4.2604,260.6365,2.4664,16.7428,0.972,36.9
47.72,0.0904,94.6954,77.773,111.7794,77.1172,5.4678,3.8224,329.7491,2.7491,17.7094,0.9735,36.9
47.76,0.0802,89.191,76.6323,107.9968,73.8151,4.9009,4.3927,362.0798,2.2832,17.4614,0.9766,36.9
47.82,0.0767,95.9315,84.4054,108.3975,76.2775,4.9989,4.5151,332.0471,2.5005,16.6072,0.9734,36.9
47.86,0.0818,93.1658,74.3581,104.0701,75.5277,5.3174,4.3923,286.6459,2.4425,16.7501,0.9757,36.9
47.92,0.0749,94.3263,81.5012,106.6282,73.9474,5.2184,4.3961,298.5742,2.9111,16.4045,0.975,36.9
47.96,0.0713,92.6794,81.3125,108.6927,74.1867,5.4615,4.6399,306.3053,2.8755,17.6259,0.977,36.9
48.02,0.0854,92.7781,75.8812,109.7503,73.8405,5.1622,4.3061,259.7584,2.8527,17.1326,0.9781,36.9
48.06,0.0841,95.4858,82.9427,107.0094,75.4794,5.8821,4.9516,290.5908,2.9401,16.8232,0.9743,36.9
48.12,0.0915,90.5382,71.9512,108.4117,78.0579,5.3469,4.4139,371.5989,2.4983,16.8527,0.9758,36.9
48.16,0.0843,90.392,80.4129,108.1547,73.7085,5.5165,4.7152,306.0031,2.6505,17.1522,0.9748,36.9
48.22,0.092,95.4701,76.7088,107.9745,75.8079,5.5275,4.2536,348.3186,2.9609,16.4073,0.9761,36.9
48.26,0.0678,96.0954,75.5206,117.3929,75.1041,5.5016,4.4458,285.3632,2.8669,16.5134,0.9765,36.9
48.32,0.0804,89.433,80.8034,109.3894,77.0359,5.2699,4.3382,377.8854,2.6708,16.9584,0.9789,36.9
48.36,0.0778,96.5126,82.8518,108.7892,77.0581,4.68,4.4613,409.3026,2.866,16.5169,0.9761,36.9
48.42,0.0968,92.5473,77.1503,106.3289,76.5234,5.3842,4.303,288.4751,2.8612,17.5795,0.9759,36.9
48.46,0.0772,89.7782,81.3292,108.0439,76.2058,5.3108,4.3007,417.075,2.3447,16.6397,0.9729,36.9
48.52,0.0769,93.6422,79.3553,108.4798,80.2575,4.9372,4.3429,377.0779,2.8073,17.5931,0.9751,36.9
48.56,0.0901,89.1628,73.1114,109.81,73.2523,5.3708,4.3683,389.8484,2.8695,16.581,0.9765,36.9
48.62,0.0911,95.7224,77.9898,107.3672,75.0221,5.5604,4.1574,329.3508,3.0866,17.1165,0.973,36.9
48.66,0.078,93.5496,78.832,108.5909,75.3517,5.1455,4.5432,266.6421,2.7213,16.2953,0.9751,36.9
48.72,0.0847,96.4333,81.0106,107.2433,75.8392,5.6012,4.747,288.4097,2.5583,17.4155,0.9713,36.9
48.76,0.0848,92.4836,75.9072,99.0384,76.1339,4.3786,4.2137,380.2321,2.6665,17.7315,0.9791,36.9
48.82,0.0892,90.2342,78.5381,109.5765,75.9813,4.8474,4.2275,338.9138,2.6405,17.2999,0.9732,36.9
48.86,0.0838,93.4182,76.1863,110.9826,75.6803,5.0257,4.6981,330.5611,2.6913,17.3674,0.974,36.9
48.92,0.0851,90.3707,80.7216,104.4115,75.8607,5.2096,4.484,330.2109,3.0132,17.3606,0.973,36.9
48.96,0.0825,89.9054,76.7526,109.4554,75.9787,4.7701,4.4627,414.8908,2.6277,16.9424,0.9736,36.9
49.02,0.0784,90.2765,70.2849,107.4054,76.604,4.8097,4.7995,375.3669,2.5581,17.006,0.9776,36.9
49.06,0.0956,91.7207,74.5832,107.392,76.281,4.6233,4.4003,339.0629,2.6253,17.212,0.9752,36.9
49.12,0.0819,94.2478,75.8191,114.4761,76.6071,5.3838,4.5187,323.8929,2.3118,16.9607,0.9748,36.9
49.16,0.076,96.3876,80.7999,107.4181,69.4697,5.2924,4.8193,262.5444,2.6843,16.4697,0.9759,36.9
49.22,0.0822,92.858,83.9793,105.5647,73.1646,5.3292,4.4615,364.4331,2.5315,17.4584,0.9769,36.9
49.26,0.0822,92.269,83.2991,101.1371,73.9841,4.9642,4.4798,382.8218,2.9873,17.2523,0.9764,36.9
49.32,0.0761,94.5915,76.5529,102.2142,71.4338,4.9236,4.4074,342.2112,2.825,17.1349,0.9699,36.9
49.36,0.0796,93.3769,80.1231,110.4842,77.0814,4.5198,4.8559,316.9002,2.6673,17.3766,0.9785,36.9
49.42,0.0917,90.4821,76.2477,104.8804,73.6574,5.3423,4.2493,356.2352,2.6707,17.7468,0.9763,36.9
49.46,0.074,95.2576,71.9936,108.8334,73.5331,5.101,4.8851,312.928,2.7676,16.9254,0.9729,36.9
49.52,0.0835,92.448,71.1052,108.472,72.2784,4.8733,4.3506,361.2143,2.6169,17.3,0.9725,36.9
49.56,0.081,94.1503,81.6248,108.8603,75.2166,4.9771,4.4367,441.9061,2.7424,17.3933,0.978,36.9
49.62,0.0794,90.9794,79.0848,109.1672,72.6523,5.6581,4.1861,377.8086,2.6671,17.2871,0.9752,36.9
49.66,0.0796,92.2378,77.8626,111.5565,74.9056,5.2494,4.3703,295.2079,2.6825,16.8343,0.974,36.9
49.72,0.0755,88.3302,80.5948,108.2828,72.3501,4.9015,5.0012,340.1381,2.8586,16.6743,0.9722,36.9
49.76,0.0788,92.1577,75.2816,106.4418,71.574,5.2669,4.7072,302.9724,2.1819,16.1079,0.9757,36.9
49.82,0.0844,92.0072,82.3586,107.9401,72.4889,4.7897,4.3312,269.7633,2.4239,17.053,0.9749,36.9
49.86,0.0833,86.3925,81.8669,108.2886,73.2994,5.0489,4.4917,374.4284,2.5208,17.1109,0.976,36.9
49.92,0.0825,91.6205,79.9156,113.0129,74.5762,5.2787,4.5586,353.615,2.3266,16.3948,0.9775,36.9
49.96,0.0828,93.1666,72.4725,105.6618,74.8525,5.1465,4.4221,389.5941,2.857,16.4032,0.9694,36.9
50.02,0.0956,91.9419,75.9373,109.6596,72.9831,5.1256,4.4883,317.2326,2.6493,16.5705,0.9746,36.9
50.06,0.0732,91.3431,79.0429,99.8688,73.9316,4.9654,4.2533,349.8309,2.4736,17.1208,0.9752,36.9
50.12,0.0861,92.5345,76.6111,105.3411,75.5394,5.0866,4.3545,331.8218,2.4991,16.7384,0.9718,36.9
50.16,0.0712,88.0149,79.829,102.4804,71.5729,5.1431,4.4202,427.7149,2.3475,17.3502,0.977,36.9
50.22,0.085,92.08,78.8492,111.2597,73.8943,5.0816,4.4827,223.2654,2.541,16.1449,0.9767,36.9
50.26,0.0757,93.3549,77.5523,109.4903,73.835,5.2605,4.3063,298.4208,2.4057,16.6558,0.9746,36.9
50.32,0.0991,95.2994,78.0586,111.0211,77.4929,5.2801,4.8416,315.8775,2.3599,17.0771,0.9781,36.9
50.36,0.082,94.7426,77.8489,106.5567,74.08,5.1983,4.4613,297.1305,2.3823,16.4328,0.9743,36.9
50.42,0.0813,91.3544,75.6475,105.1919,74.6788,4.8872,4.7463,267.7491,2.6393,17.6311,0.9766,36.9
50.46,0.0843,93.7955,80.2671,105.2132,71.0988,5.2886,4.2642,356.246,2.6053,16.5736,0.9774,36.9
50.52,0.0973,96.3431,83.6155,99.1334,71.8948,5.1582,4.581,285.2836,2.2567,16.7572,0.9713,36.9
50.56,0.0888,90.7664,73.5073,106.2826,76.8917,4.7411,4.212,327.8757,2.5009,16.9356,0.9768,36.9
50.62,0.076,93.8624,81.0876,103.6982,72.9764,5.1438,4.1469,302.6182,2.1892,17.6806,0.9757,36.9
50.66,0.0766,88.215,80.9444,103.9624,74.6261,5.3876,4.5841,372.7285,2.3541,17.2761,0.9741,36.9
50.72,0.0779,91.7658,79.2746,105.8534,72.3136,5.3019,4.6461,321.7443,2.4252,16.6449,0.9717,36.9
50.76,0.0787,87.7081,77.6402,112.6979,73.5471,5.0032,4.7778,393.9065,2.4295,17.0886,0.9784,36.9
50.82,0.0777,87.1403,73.1432,106.8373,70.035,5.288,4.4903,322.5745,2.3417,17.4502,0.9725,36.9
50.86,0.0811,88.4107,74.1097,107.8678,73.5522,5.0049,4.4981,372.1925,2.4558,17.1984,0.9747,36.9
50.92,0.1031,91.1663,81.6863,109.3657,75.1333,5.0455,4.5683,141.2029,2.4985,16.7866,0.9734,36.9
50.96,0.0735,92.0047,80.3416,109.8283,75.9552,5.0672,4.163,313.577,2.4626,16.7374,0.9751,36.9
51.02,0.0911,91.9261,87.5484,109.1443,73.1515,5.0903,5.006,345.2615,2.2709,16.7406,0.9778,36.9
51.06,0.0885,85.6255,74.8483,111.2304,72.9337,5.3095,4.4087,297.5597,2.6476,16.6894,0.9726,36.9
51.12,0.083,88.8007,78.4139,96.4043,73.7679,4.8709,4.0653,418.5139,2.3559,15.9223,0.9767,36.9
51.16,0.072,91.2731,84.5855,108.9373,73.3762,5.5419,4.2223,333.861,2.4023,16.9973,0.9769,36.9
51.22,0.0637,91.6839,77.9614,109.8566,74.1146,5.6366,4.4624,424.4574,2.0429,17.9582,0.9717,36.9
51.26,0.0812,92.5042,78.945,102.7384,74.0897,5.1612,4.5541,273.3049,2.45,16.3816,0.972,36.9
51.32,0.0844,90.4093,80.5628,99.1916,73.3155,4.9932,4.4855,375.8672,2.7485,16.8399,0.9707,36.9
51.36,0.088,88.541,80.7792,108.335,74.6722,4.9717,4.5079,239.4524,2.3224,16.8761,0.9725,36.9
51.42,0.0797,93.6378,74.3529,98.1191,70.8084,5.0148,4.2929,361.3973,2.909,16.9625,0.9777,36.9
51.46,0.081,90.8186,77.3459,108.3632,76.0208,5.454,4.0681,237.9534,2.5118,17.9454,0.9742,36.9
51.52,0.082,92.5761,67.9801,105.722,76.8786,4.6165,4.4286,468.343,2.9326,16.881,0.9753,36.9
51.56,0.0799,90.6272,83.1489,103.6757,74.5313,4.769,4.5894,387.0564,2.8105,17.1125,0.9738,36.9
51.62,0.0875,93.4285,79.6523,103.0123,77.2695,5.4519,4.4422,387.8876,2.791,16.9261,0.9716,36.9
51.66,0.0745,93.5618,80.2122,109.6616,72.4688,5.1936,4.4709,328.184,2.7849,16.9856,0.9708,36.9
51.72,0.0753,92.4118,70.7884,107.3207,77.0942,4.9322,4.2666,311.9794,2.8129,16.6841,0.9734,36.9
51.76,0.0783,89.489,79.022,109.733,73.5668,5.5428,4.2094,352.3954,2.5021,17.4753,0.9746,36.9
51.82,0.0852,93.8203,75.8366,104.1497,74.8983,5.3278,4.182,390.5366,2.8185,16.1235,0.9719,36.9
51.86,0.0838,90.4651,81.2481,110.2804,72.0087,4.7281,4.2436,249.5966,2.9566,16.92,0.9771,36.9
51.92,0.0887,90.9993,69.5149,111.1596,77.1583,5.1691,4.3549,391.0995,2.9012,17.8147,0.9727,36.9
51.96,0.0836,92.3425,76.1467,101.5855,73.891,5.3215,4.7294,436.679,2.7798,15.929,0.9766,36.9
52.02,0.0895,91.5569,82.6366,106.7381,74.9881,5.1351,4.1072,287.4558,2.3655,16.8944,0.9791,36.9
52.06,0.0859,91.4731,76.5379,109.1829,76.5193,5.2059,4.6908,265.5742,2.8465,18.1431,0.9765,36.9
52.12,0.0883,93.761,70.0192,112.058,76.4494,5.1054,4.2032,332.1,2.6019,16.7942,0.9784,36.9
52.16,0.0791,92.7952,81.4019,107.3315,73.0786,5.2533,4.4762,223.522,2.6766,18.2197,0.9726,36.9
52.22,0.0818,91.1135,82.3791,111.5946,75.3544,5.8147,4.8678,350.2006,2.6502,16.69,0.9717,36.9
52.26,0.0766,90.6733,77.1404,100.6728,77.1443,5.2251,4.5934,375.6528,3.0522,16.5063,0.9734,36.9
52.32,0.0839,90.6331,78.7471,106.9113,75.1086,5.1858,4.627,385.5812,2.8155,16.3689,0.9757,36.9
52.36,0.0857,90.4714,81.634,110.07,73.4977,4.8792,4.8297,354.8947,2.6561,18.0798,0.9738,36.9
52.42,0.085,94.7189,83.091,106.362,73.4538,4.6223,4.6851,366.6309,2.8156,17.0142,0.9729,36.9
52.46,0.0854,89.7131,77.961,105.8623,73.8428,5.1552,5.0229,391.8251,2.4922,17.5511,0.9731,36.9
52.52,0.0891,98.5101,83.9674,99.1277,76.2578,5.078,4.6818,382.8591,2.2995,16.843,0.9719,36.9
52.56,0.0869,92.9944,74.8343,107.531,73.8328,5.0267,4.9609,426.0069,2.7349,16.129,0.9728,36.9
52.62,0.0841,94.0327,73.0047,108.2381,73.6424,5.8198,4.398,358.1145,2.6813,15.7111,0.973,36.9
52.66,0.0882,93.9423,74.561,112.3819,76.5015,4.3732,4.2995,344.7449,2.4194,16.9598,0.9789,36.9
52.72,0.0822,90.0775,87.6386,104.8689,75.1645,5.6818,4.5376,332.1944,2.6388,16.9282,0.9782,36.9
52.76,0.0725,94.6711,80.0128,102.6495,74.5139,5.0045,5.279,323.4324,2.2002,17.738,0.9729,36.9
52.82,0.0842,92.5524,79.554,109.5413,76.0719,4.7388,4.4695,344.2258,2.385,15.452,0.9734,36.9
52.86,0.0821,92.1586,78.3294,104.2882,76.9401,5.1319,4.2396,477.8034,2.4837,16.4303,0.9758,36.9
52.92,0.0973,91.6091,83.4871,108.6172,74.7948,4.8058,4.4313,402.2199,2.403,16.3912,0.9752,36.9
52.96,0.0856,91.773,74.4108,108.2584,76.7432,4.9735,4.5895,333.9394,2.5323,16.9866,0.9739,36.9
53.02,0.0769,96.1343,80.5616,102.9236,73.8856,5.0257,4.388,198.7287,2.7678,17.1161,0.973,36.9
53.06,0.0851,91.4914,76.3352,109.2506,76.185,5.1492,4.5887,265.3031,2.3177,16.2926,0.9746,36.9
53.12,0.0915,90.226,80.2108,102.9675,76.1303,4.9483,4.7828,342.0905,2.5882,16.5445,0.9748,36.9
53.16,0.0808,93.0931,70.8811,102.7223,72.9859,4.9158,4.8241,280.8783,2.638,16.859,0.974,36.9
53.22,0.0799,90.9201,79.0401,105.829,73.0967,4.9678,4.6253,340.9175,2.3617,16.451,0.9768,36.9
53.26,0.0764,94.8375,78.268,106.3984,74.075,5.3508,4.5018,314.5906,2.524,16.0617,0.9728,36.9
53.32,0.0835,91.2986,76.3744,106.6149,73.1242,5.689,4.8718,420.8768,2.6814,17.2842,0.9738,36.9
53.36,0.0731,91.3358,78.2738,107.8812,71.934,5.2936,4.8845,303.1016,2.4198,16.7115,0.9734,36.9
53.42,0.0798,91.0964,87.5061,101.7285,76.6092,5.509,4.6303,376.2991,2.4551,17.3599,0.9746,36.9
53.46,0.0817,95.921,72.9674,112.2671,73.339,5.0397,4.7384,344.3434,2.5317,17.2191,0.9716,36.9
53.52,0.0852,91.9587,88.9463,102.0674,74.6793,5.3171,4.5113,361.7973,2.44,17.4268,0.9684,36.9
53.56,0.0732,92.7016,80.162,114.4891,75.4354,5.0538,4.4811,387.3128,2.5354,16.3874,0.9752,36.9
53.62,0.0763,88.4846,75.7946,107.1647,74.9844,5.567,4.7771,291.4395,2.514,17.5064,0.9743,36.9
53.66,0.0828,91.9519,78.1959,106.0724,76.6718,5.4797,4.5033,436.3276,2.9049,15.4708,0.9735,36.9
53.72,0.0839,93.6036,78.25,111.7878,76.2617,4.5619,4.9629,269.7523,2.5666,16.8051,0.9789,36.9
53.76,0.0885,90.9297,77.497,100.3897,76.0446,5.1022,4.7592,272.6098,2.1551,18.3902,0.9735,36.9
53.82,0.0931,92.0789,81.8682,117.2009,76.4804,5.3328,4.3479,315.1343,2.4981,16.4449,0.9767,36.9
53.86,0.0829,91.2516,83.27,105.5128,75.2242,5.3649,4.843,410.9505,2.556,17.5962,0.9816,36.9
53.92,0.0916,94.1015,81.2875,104.671,73.2487,4.962,5.1125,207.9498,2.7506,17.8865,0.9727,36.9
53.96,0.0838,93.7965,76.6796,103.5922,74.6828,5.4123,4.9598,271.8694,2.2256,18.0557,0.9733,36.9
54.02,0.0792,90.1329,79.1947,101.5847,75.483,5.0234,4.4638,409.5281,2.8446,16.6344,0.9801,36.9
54.06,0.0767,93.3036,78.6433,108.8593,76.5119,5.1012,4.6336,265.2723,2.7489,16.0115,0.9749,36.9
54.12,0.0865,92.8461,85.9467,103.9278,74.3856,5.0961,4.5509,446.5953,2.5535,16.7523,0.9786,36.9
54.16,0.0819,92.7375,85.2239,107.1315,75.1475,4.7295,5.0227,375.5051,2.546,16.9325,0.9715,36.9
54.22,0.0796,88.5083,78.3648,117.7017,74.3767,5.0599,4.981,416.2848,2.5256,16.6621,0.9774,36.9
54.26,0.0833,93.3683,79.1235,104.1617,74.4171,5.1076,4.4626,355.5817,2.1759,16.5752,0.9785,36.9
54.32,0.0857,90.3816,79.1998,104.3972,72.7183,5.0111,4.1956,318.6388,2.6085,16.469,0.9759,36.9
54.36,0.0953,88.7786,77.0264,111.5938,74.2936,4.7207,4.7867,309.1283,2.3617,16.876,0.9742,36.9
54.42,0.0678,90.7375,77.8317,110.1587,73.6956,5.3141,4.537,477.0721,2.6021,16.4456,0.9741,36.9
54.46,0.0785,86.9516,85.458,108.259,75.9751,5.2636,4.8676,364.758,2.499,17.6653,0.9713,36.9
54.52,0.0818,93.3543,76.5212,103.3599,75.7894,5.3116,4.4641,342.322,2.3171,16.4822,0.9743,36.9
54.56,0.0862,90.719,81.6292,102.4506,75.3778,5.4783,4.7482,274.0118,2.424,18.512,0.9749,36.9
54.62,0.0853,95.9979,83.2773,97.8124,74.99,5.5087,4.8417,309.4814,2.6939,17.0342,0.9775,36.9
54.66,0.0837,90.0131,78.2689,104.893,77.3802,5.0624,4.2381,271.3393,2.505,16.6521,0.9745,36.9
54.72,0.0823,91.4212,77.4414,103.0808,76.6819,5.1671,4.342,358.0542,2.2171,16.4443,0.9752,36.9
54.76,0.0791,92.2072,78.5541,106.9759,74.2648,5.0225,4.6195,317.9357,2.7485,16.5777,0.9771,36.9
54.82,0.0869,93.2674,77.6545,106.6272,76.0129,5.3603,4.3443,340.2797,2.5347,18.1717,0.9743,36.9
54.86,0.0744,94.9556,73.2674,109.5397,75.5478,5.7517,4.054,362.0484,2.6877,16.8028,0.9728,36.9
54.92,0.0896,89.1299,80.1467,107.763,76.2183,5.3411,4.5348,313.1309,2.7086,17.1135,0.9773,36.9
54.96,0.0862,88.4224,76.8426,111.0002,74.9867,5.2334,4.8554,418.5179,2.5803,17.2554,0.9746,36.9
55.02,0.065,92.7936,74.5662,111.1281,78.4499,5.2978,4.5216,325.5101,2.9921,17.5509,0.9744,36.9
55.06,0.0774,90.5398,81.0825,104.2061,74.4615,4.8754,4.6828,408.5072,2.7478,16.7034,0.9752,36.9
55.12,0.0892,90.2338,81.2051,104.4919,74.3976,4.9526,4.6769,299.8249,2.7687,17.4695,0.9773,36.9
55.16,0.0878,93.3619,82.6442,103.696,73.6767,5.5818,4.8536,458.2546,3.1515,17.1805,0.9757,36.9
55.22,0.0823,93.2312,77.577,105.3408,75.7433,4.9258,4.6675,385.8887,2.7466,16.9819,0.9779,36.9
55.26,0.0856,95.9522,88.1279,101.9475,74.8434,5.5682,4.6394,288.1284,2.6618,16.8885,0.9767,36.9
55.32,0.0808,88.7246,74.1565,106.6375,73.0536,5.4058,4.4568,451.8399,2.5981,17.7264,0.9739,36.9
55.36,0.0797,90.3496,73.419,113.7534,73.6664,4.9833,4.531,401.9956,2.7935,16.8073,0.9738,36.9
55.42,0.0914,95.8377,77.4963,107.1767,76.3152,4.992,4.752,371.1835,2.5835,16.0602,0.9753,36.9
55.46,0.0875,89.5404,75.6429,101.0517,75.7602,5.274,4.4703,389.6974,2.7681,18.1404,0.9759,36.9
55.52,0.08,94.1721,80.645,108.5761,75.2557,5.1165,4.8877,371.6277,2.7648,16.5619,0.9725,36.9
55.56,0.0813,91.5056,79.2978,111.9388,73.6563,5.1643,4.0472,425.4814,2.8988,17.6331,0.9767,36.9
55.62,0.0908,88.5606,72.3873,101.6761,75.3398,5.2127,4.4847,455.5923,2.9821,17.7059,0.9723,36.9
55.66,0.0828,92.7284,86.5775,107.346,74.7497,4.7997,4.3846,393.922,2.5274,17.2108,0.973,36.9
55.72,0.0817,89.2671,77.7817,109.403,74.5563,4.7451,4.7176,342.9847,2.6186,17.2035,0.9727,36.9
55.76,0.0903,88.7154,76.2742,107.3294,75.7936,4.7099,4.1493,308.0038,2.7334,16.705,0.9746,36.9
55.82,0.0883,91.0378,80.2019,105.7639,76.6612,5.4056,4.5359,295.9731,2.4388,17.2216,0.9724,36.9
55.86,0.0843,89.4741,82.3169,112.0255,75.4519,4.9516,4.2442,393.7865,2.5312,16.7038,0.9771,36.9
55.92,0.0797,90.5265,78.4983,103.0475,74.1113,4.8502,4.702,445.3248,2.8156,16.0118,0.9759,36.9
55.96,0.0773,94.3608,87.3486,102.4372,77.9923,4.7999,4.6658,393.2911,2.9168,17.7791,0.9725,36.9
56.02,0.0898,93.4754,84.3836,105.2008,75.407,5.084,4.968,403.3537,3.0393,16.7924,0.9725,36.9
56.06,0.0895,90.2391,72.1042,103.2026,72.0613,5.4125,4.5808,432.2653,2.4229,16.9097,0.9689,36.9
56.12,0.0849,90.5499,81.9182,101.2834,74.2046,4.7307,4.4215,318.2962,2.803,16.7198,0.9766,36.9
56.16,0.0899,95.6375,85.5294,102.219,76.3593,5.0985,4.5811,374.9971,2.8,17.4316,0.9743,36.9
56.22,0.0811,90.1212,82.8286,107.0291,74.5488,5.0392,4.7539,363.116,3.0164,17.982,0.9717,36.9
56.26,0.0797,90.8859,82.1034,105.3818,73.5262,5.0403,4.3017,363.4563,2.8136,17.2331,0.9744,36.9
56.32,0.0999,89.4014,78.21,108.7098,75.8731,4.946,4.4059,394.4075,3.1213,16.4533,0.9697,36.9
56.36,0.079,96.1127,81.7832,110.5127,72.5952,5.3866,4.9313,380.2545,2.952,16.8077,0.9749,36.9
56.42,0.0788,90.5102,75.6527,107.635,74.4724,5.0488,4.9734,288.5278,2.6913,16.4325,0.9726,36.9
56.46,0.0751,90.3456,76.2604,106.4369,75.4191,4.8197,4.4547,202.6596,2.5155,16.5794,0.9764,36.9
56.52,0.0822,89.108,84.3544,109.6401,75.5106,4.9821,4.7434,262.2031,2.4963,17.5834,0.9724,36.9
56.56,0.0833,94.0708,80.7601,110.8879,72.3655,4.9919,5.0378,280.8072,2.4394,16.8867,0.9726,36.9
56.62,0.0728,93.9876,74.9671,107.0546,75.7721,5.1924,4.4819,350.8182,2.9529,17.636,0.976,36.9
56.66,0.0911,86.0467,82.8186,108.4917,74.3023,5.578,4.4635,354.477,2.7064,16.8628,0.9721,36.9
56.72,0.0879,92.8889,80.8521,105.1971,72.5925,5.0152,4.2428,299.5579,2.582,17.4681,0.9745,36.9
56.76,0.0799,92.0332,80.3347,105.1239,74.969,5.2265,4.1992,344.0136,2.4268,16.8763,0.9742,36.9
56.82,0.0887,93.3091,82.1353,103.5375,72.8267,5.0012,4.5144,358.0569,2.6406,16.8761,0.9736,36.9
56.86,0.0769,89.9629,77.8709,102.1456,78.8283,5.1556,4.4246,303.8578,2.6311,16.579,0.9718,36.9
56.92,0.0802,89.1966,84.8488,102.1876,74.7423,4.9211,4.3367,348.0226,2.8142,16.2858,0.9767,36.9
56.96,0.0818,96.8708,84.6372,107.3381,73.4776,5.2897,4.5014,303.8818,2.7111,16.509,0.9737,36.9
57.02,0.0866,88.6139,77.3569,104.2823,73.7616,5.1923,4.7414,215.8874,2.5458,16.4149,0.9757,36.9
57.06,0.0732,89.4379,79.9161,112.2756,74.3113,5.133,4.7083,401.1722,2.5922,16.9395,0.9767,36.9
57.12,0.0888,95.2744,82.3393,110.2387,75.3149,5.6371,4.3288,234.9658,2.7799,16.4585,0.9748,36.9
57.16,0.0821,92.6474,84.8574,100.4489,74.5956,5.2652,4.7037,415.0512,2.5667,16.954,0.9723,36.9
57.22,0.0878,100.5534,86.4671,109.3176,74.0368,4.8664,4.7792,328.9487,2.7369,16.787,0.9718,36.9
57.26,0.0852,86.5461,80.5441,102.5481,74.067,5.0517,4.3542,341.5759,2.4676,17.0227,0.9734,36.9
57.32,0.0921,90.977,78.5555,114.649,73.6608,5.0762,4.5993,364.4611,2.5226,17.3691,0.9749,36.9
57.36,0.0824,96.3471,75.562,106.4715,74.3738,4.8929,4.5557,375.3064,2.5229,16.9925,0.9744,36.9
57.42,0.0915,88.6815,79.8713,107.0716,76.1793,5.1967,4.3722,374.5138,2.6177,16.1696,0.9735,36.9
57.46,0.0851,92.3306,78.4819,99.67,76.3605,5.0105,4.3392,297.1329,2.9039,16.9925,0.9784,36.9
57.52,0.077,88.0097,70.71,106.2608,75.1103,4.7903,4.6838,317.9132,2.8016,16.9229,0.9706,36.9
57.56,0.0841,90.3043,87.2704,102.6819,74.7333,5.1566,4.1789,388.0927,2.4671,16.9452,0.9773,36.9
57.62,0.0733,87.9735,83.3838,112.8509,76.8539,5.068,3.9375,324.0166,2.4376,17.7759,0.973,36.9
57.66,0.0864,91.6652,81.7996,108.0146,76.2363,5.208,4.5071,385.9948,2.5306,17.1771,0.9719,36.9
57.72,0.0834,90.2175,81.9141,113.0521,74.3519,4.7954,4.6741,322.1596,2.7872,17.7284,0.9752,36.9
57.76,0.092,93.2358,81.9356,99.6302,75.9894,5.1838,4.9087,316.9667,2.3533,16.827,0.9706,36.9
57.82,0.0824,89.0466,77.2923,111.3235,75.9896,5.0437,4.263,260.5553,2.5336,17.2463,0.9746,36.9
57.86,0.0958,93.2891,83.5595,105.3891,75.7728,4.4754,4.8089,343.7178,2.4912,16.8838,0.9719,36.9
57.92,0.0844,90.4205,74.9227,110.76,74.1736,4.9346,4.9923,352.3883,2.4222,16.9747,0.9709,36.9
57.96,0.0932,90.2423,85.6839,113.8882,74.9344,5.4351,4.5413,400.7072,2.6962,17.1965,0.9762,36.9
58.02,0.0743,89.8393,78.0541,103.2855,74.5151,5.2073,4.358,326.4335,2.5385,17.6466,0.9751,36.9
58.06,0.0797,90.8691,82.3837,104.8995,73.2105,5.5435,4.7179,414.7935,2.6124,17.7478,0.9716,36.9
58.12,0.0853,88.8559,80.5329,104.8699,74.2398,4.7472,4.4402,259.2205,2.6469,16.8034,0.9728,36.9
58.16,0.085,92.3045,76.2437,110.1358,73.3083,5.128,4.2855,355.123,2.2691,16.8811,0.9733,36.9
58.22,0.0937,92.0037,79.3083,106.913,74.5351,5.6132,4.3793,400.92,2.3709,16.7392,0.9742,36.9
58.26,0.0777,90.1506,76.8186,109.5092,76.2246,5.233,4.5735,407.4741,2.4954,17.271,0.9719,36.9
58.32,0.0887,95.3929,74.3236,109.3944,75.7257,5.1473,4.0913,381.9703,2.4829,16.8337,0.9725,36.9
58.36,0.0895,94.7312,78.4676,105.6658,74.3472,5.4219,4.6755,328.0451,2.6343,17.8513,0.9761,36.9
58.42,0.0791,92.9857,83.4955,105.7675,73.5837,5.1659,4.7063,270.3584,2.4382,17.3661,0.9735,36.9
58.46,0.0906,91.1946,86.701,110.0378,77.1102,4.8879,4.9334,375.0448,2.7347,17.0239,0.9776,36.9
58.52,0.0893,89.8749,82.0342,104.6215,77.5485,4.5779,4.2719,418.3292,2.8835,17.6903,0.9737,36.9
58.56,0.0798,90.1617,78.3869,104.0079,74.6916,5.6307,4.3492,235.8224,2.8085,16.916,0.9767,36.9
58.62,0.0795,92.2785,79.5484,107.8913,76.178,5.0608,5.0356,358.7736,2.8369,17.4205,0.9747,36.9
58.66,0.0852,93.8743,82.2211,104.0249,74.0787,5.372,4.6774,416.9754,3.2139,18.352,0.9752,36.9
58.72,0.0832,89.911,80.1273,108.4192,76.1139,4.7511,5.0025,400.7469,2.876,17.5889,0.9754,36.9
58.76,0.0865,91.2857,80.392,103.7605,76.4849,5.064,4.8288,254.7475,2.7458,17.539,0.9758,36.9
58.82,0.0719,93.6775,84.4156,112.3752,75.5085,5.3794,4.8217,314.9546,2.786,17.0041,0.9714,36.9
58.86,0.0739,91.0276,84.5948,104.5546,74.455,5.0107,4.7198,406.9969,2.5151,16.7939,0.9738,36.9
58.92,0.0757,92.2876,81.7493,106.6318,76.6154,5.2069,4.5329,358.9249,2.7944,16.8705,0.9726,36.9
58.96,0.0752,91.4637,79.5746,109.0353,75.4806,4.3878,4.7525,366.802,3.0784,16.5796,0.9754,36.9
59.02,0.097,89.3471,78.9971,113.2334,73.0235,5.1657,4.6358,350.101,2.7395,17.138,0.9741,36.9
59.06,0.0822,93.21,77.5116,108.9232,72.5943,5.2844,4.4819,361.1167,3.0111,16.8447,0.974,36.9
59.12,0.0838,91.9161,75.6476,101.8968,74.9215,5.2488,4.3109,216.6953,2.7501,16.8327,0.9745,36.9
59.16,0.0879,90.3471,81.2098,108.8142,76.2069,5.3162,5.0305,298.2152,2.681,17.1395,0.9768,36.9
59.22,0.09,94.5098,76.1681,108.925,75.4026,5.6791,4.541,314.7858,2.6232,17.1508,0.9723,36.9
59.26,0.0735,88.1315,77.9995,111.1405,75.6195,4.4651,4.6813,320.4187,2.8143,17.5973,0.9771,36.9
59.32,0.0823,95.9583,76.4543,106.4141,73.2424,4.9931,4.4972,429.6255,2.7985,17.4962,0.9706,36.9
59.36,0.0803,92.1009,79.7205,107.5476,75.5501,5.4203,4.6443,337.3517,2.7154,17.3884,0.9716,36.9
59.42,0.0719,95.8695,76.7086,107.1101,76.9445,5.0957,4.4698,239.3416,2.5731,17.2562,0.9734,36.9
59.46,0.0837,93.1037,79.6558,105.3367,76.4941,5.2275,4.3718,389.0702,2.8592,17.2247,0.9754,36.9
59.52,0.0782,90.6491,79.3761,105.9215,76.1975,4.9129,4.3141,389.4643,2.5194,17.6085,0.9709,36.9
59.56,0.0898,94.3809,69.9314,109.2737,74.7277,5.3474,4.7354,324.7306,2.9556,17.4483,0.974,36.9
59.62,0.0852,92.7982,69.868,104.5789,73.9554,5.4298,4.4415,293.3983,2.5456,17.4982,0.9759,36.9
59.66,0.0868,94.948,77.8079,114.283,75.6383,5.4672,4.7336,309.2048,2.5731,16.7158,0.974,36.9
59.72,0.0857,92.4457,77.1121,106.5151,74.2834,5.0725,4.1947,332.1588,2.6147,16.8177,0.9759,36.9
59.76,0.0852,91.269,75.0873,112.8323,75.0365,4.8255,4.4171,277.2831,2.8715,17.664,0.9773,36.9
59.82,0.086,96.5205,81.9671,108.2986,72.5357,4.8914,4.4017,361.996,2.6261,16.1804,0.9741,36.9
59.86,0.087,92.0493,82.1671,110.4971,74.0764,5.1679,4.5139,208.668,2.7253,17.4248,0.9786,36.9
59.92,0.0754,92.3459,80.4205,112.671,77.2029,5.5933,4.2595,401.8777,2.6709,17.5947,0.9736,36.9
59.96,0.0858,89.7592,82.038,105.9621,76.9612,5.4403,4.8566,401.7696,2.3921,17.5027,0.9751,36.9
60.02,0.0808,89.6155,75.9061,107.6687,74.7182,5.17,4.4223,298.4461,2.7672,17.1177,0.9742,36.9
60.06,0.0803,90.1225,77.39,106.4095,72.7045,5.2523,4.6072,310.19,2.5626,17.6179,0.9729,36.9
60.12,0.0885,92.8211,77.6443,102.401,76.025,5.3011,4.5593,285.3382,2.5397,17.2541,0.9759,36.9
60.16,0.0826,89.3194,80.6654,106.4445,75.9749,5.4838,4.7268,264.3182,2.3509,16.767,0.9765,36.9
60.22,0.0912,88.7082,82.6236,107.2113,74.175,5.2751,4.7196,259.3191,2.571,17.8502,0.9752,36.9
60.26,0.087,89.7971,85.852,109.5541,73.9499,4.9991,4.7774,379.3133,2.3465,16.3716,0.9758,36.9
60.32,0.0801,93.8062,76.861,108.601,74.0592,5.3834,4.2009,378.4409,2.1088,17.686,0.974,36.9
60.36,0.0791,92.7356,73.3991,109.9754,73.531,5.4087,4.4164,350.7579,2.4649,17.0982,0.9755,36.9
60.42,0.0777,89.3128,79.7456,110.663,74.2289,5.4961,4.8817,367.2367,2.2238,16.9702,0.9728,36.9
60.46,0.0999,94.1625,79.0121,111.6807,77.2227,4.93,4.5277,309.2051,2.3025,18.064,0.9765,36.9
60.52,0.0884,88.5548,76.8987,109.0751,74.4845,4.883,4.5441,243.049,2.488,16.9533,0.9767,36.9
60.56,0.0763,88.8993,82.68,107.3129,75.56,5.5641,4.494,336.1277,2.3627,18.1308,0.9716,36.9
60.62,0.0831,92.7796,73.4058,99.5898,74.7506,5.1992,4.6437,337.7588,2.6971,18.2399,0.9724,36.9
60.66,0.08,94.0609,79.4145,100.6429,76.7322,5.0556,4.7721,306.1659,2.3391,17.8054,0.9738,36.9
60.72,0.0847,95.5967,76.3435,104.6866,73.791,4.9119,4.5417,345.8447,2.3291,17.7819,0.9753,36.9
60.76,0.0889,93.5763,85.6294,106.0193,74.9339,5.4901,4.4774,292.3979,2.3986,18.0706,0.9763,36.9
60.82,0.0917,94.3438,84.4453,104.697,76.6355,4.5029,4.5621,288.2926,2.4303,16.5484,0.9751,36.9
60.86,0.0781,92.4688,82.519,107.2064,72.5092,5.1167,5.1409,277.8567,2.3802,17.3019,0.9725,36.9
60.92,0.0789,94.3693,81.4656,107.8533,76.5818,5.1494,4.3675,400.324,2.3267,16.3557,0.9685,36.9
60.96,0.075,90.94,77.3687,104.5742,73.8552,5.277,4.6324,285.2753,2.7777,16.8792,0.9715,36.9
61.02,0.0819,93.9047,80.226,107.7241,73.2544,5.0265,4.4905,245.4322,2.4884,17.7316,0.9783,36.9
61.06,0.0836,94.2162,80.1816,106.2341,76.1863,5.2781,4.4663,337.5248,2.0292,17.9207,0.9734,36.9
61.12,0.0864,93.7292,77.6842,104.469,72.1312,5.2134,4.5171,364.8274,2.2312,17.9047,0.9734,36.9
61.16,0.0904,89.0566,82.8355,105.7929,74.6206,5.0597,4.8631,271.6823,2.3191,17.8203,0.9764,36.9
61.22,0.0806,92.2026,79.268,102.6579,76.755,5.4217,4.2517,419.8499,2.3633,17.0575,0.9777,36.9
61.26,0.0792,90.1182,82.9384,106.1666,74.6041,5.0059,4.4444,278.7211,2.3613,17.7474,0.978,36.9
61.32,0.0868,88.9577,77.2953,109.1204,75.0871,4.7796,4.6371,462.1328,2.4581,15.9535,0.9817,36.9
61.36,0.0831,85.956,78.941,99.8827,75.1423,5.365,4.0549,369.4237,2.4576,16.9936,0.9701,36.9
61.42,0.0816,93.1116,77.6819,99.9463,74.195,5.723,4.4355,229.6673,2.2482,17.0961,0.9765,36.9
61.46,0.0812,87.4184,84.8938,108.9515,72.5711,5.0602,4.0859,360.0751,2.2112,17.3653,0.975,36.9
61.52,0.0748,90.0814,75.2912,106.5713,77.6833,4.8244,3.9761,354.013,2.4132,17.6701,0.9776,36.9
61.56,0.0721,89.7591,82.4892,110.1178,75.2283,4.8876,4.3943,371.0316,2.0478,17.5994,0.9748,36.9
61.62,0.0777,88.45,75.4518,107.7336,74.4405,5.3041,4.3491,429.021,2.454,16.9722,0.9748,36.9
61.66,0.0895,90.6967,77.3023,104.7405,75.7373,5.5499,4.6058,401.6481,2.5005,17.8036,0.9766,36.9
61.72,0.0928,92.3857,84.1055,105.7735,75.0318,4.579,4.2992,488.87,2.4687,17.9618,0.9736,36.9
61.76,0.0777,89.8635,76.8383,108.6499,74.5298,4.9253,4.3926,434.5388,2.4988,17.7428,0.9744,36.9
61.82,0.0843,92.4673,72.9099,107.0564,73.6258,5.2678,4.4923,416.6981,2.1058,18.002,0.9743,36.9
61.86,0.076,91.6797,81.1017,107.263,75.8221,5.0063,4.4601,339.4658,2.6224,17.5082,0.9713,36.9
61.92,0.0672,90.5631,88.3692,106.9222,72.6279,5.1808,4.2341,396.838,2.5338,17.3495,0.9738,36.9
61.96,0.0782,91.2402,81.8809,102.2677,72.9998,4.6555,3.9994,414.9371,2.5559,16.8503,0.9744,36.9
62.02,0.0897,92.1289,70.9163,108.3661,74.1078,4.6238,4.0567,332.3284,2.8465,17.4683,0.9748,36.9
62.06,0.0979,89.8226,78.2482,113.0129,75.1151,4.7561,4.4334,435.8639,2.6342,17.3105,0.9744,36.9
62.12,0.0798,93.1123,80.6823,110.0269,73.5614,5.1655,4.4282,390.1196,2.7239,17.8373,0.9734,36.9
62.16,0.0818,96.9105,82.9838,106.451,73.3236,5.5162,4.4539,434.9984,2.8522,17.365,0.9724,36.9
62.22,0.0849,89.8771,84.4233,108.3035,72.7584,5.5397,4.3843,437.7572,2.6724,17.4855,0.9734,36.9
62.26,0.0801,91.7533,80.8354,110.8972,74.7171,4.7707,4.2897,420.5476,2.8219,17.1699,0.9772,36.9
62.32,0.0711,91.5816,70.9073,105.2815,75.3826,4.7901,4.6899,403.3713,2.6061,18.1599,0.9735,36.9
62.36,0.0754,92.1297,78.9792,114.3092,74.9966,5.1481,4.8603,371.2204,2.6183,18.3394,0.9772,36.9
62.42,0.084,94.1421,77.0337,103.4646,72.6004,5.2402,4.8509,469.9107,2.7411,17.0909,0.9707,36.9
62.46,0.0789,90.2379,78.363,110.4622,74.9862,5.5479,4.494,319.8358,2.4317,18.1184,0.9725,36.9
62.52,0.0757,89.7017,76.9134,104.1095,74.5584,5.2503,4.1669,325.8266,2.3778,17.715,0.9737,36.9
62.56,0.0801,91.3206,88.487,107.7395,73.9902,5.4827,4.3671,410.5364,2.6407,17.7122,0.9765,36.9
62.62,0.1001,91.7402,80.6713,101.772,74.814,4.9894,4.0997,454.7885,2.4136,16.8048,0.9748,36.9
62.66,0.0818,95.1282,78.549,106.4668,76.49,5.0521,4.4736,439.6501,2.3273,17.9155,0.975,36.9
62.72,0.0829,90.5622,75.4142,107.5777,74.7581,5.2852,4.5067,424.1407,2.295,17.2971,0.9727,36.9
62.76,0.0828,88.6261,80.949,98.4762,73.1216,4.8061,4.6354,335.459,2.4504,17.5161,0.9681,36.9
62.82,0.0921,92.1305,80.7016,104.4374,70.2514,4.9523,4.4195,349.0726,2.4883,17.5666,0.9714,36.9
62.86,0.0932,95.0894,86.0729,108.5482,77.173,5.5815,4.7062,348.8256,2.2057,18.0638,0.9759,36.9
62.92,0.0858,91.1126,84.4348,102.2117,76.4651,5.6797,3.9514,389.6756,2.5788,17.623,0.9735,36.9
62.96,0.0867,91.6513,84.2237,113.5686,76.1898,5.9974,4.2045,302.97,2.4016,17.4868,0.9743,36.9
63.02,0.0787,93.5023,82.5457,109.9233,72.5114,5.3861,4.3145,464.1979,2.7136,16.7614,0.9721,36.9
63.06,0.0734,91.7983,91.3963,108.4639,76.7814,5.3628,4.3162,292.5382,2.2254,17.1558,0.9738,36.9
63.12,0.0735,92.8403,87.6287,104.768,74.4637,5.9202,4.4834,395.8163,2.247,17.3498,0.9751,36.9
63.16,0.0832,90.9076,88.9087,107.8113,77.543,5.1024,4.2971,416.2437,2.4588,18.0765,0.9707,36.9
63.22,0.0845,94.11,80.377,109.791,75.6494,5.3774,3.9976,450.6941,2.467,17.3169,0.9751,36.9
63.26,0.0821,91.6588,82.8257,110.2194,78.8542,5.4223,4.3322,389.8888,2.4821,17.898,0.9764,36.9
63.32,0.0828,92.5302,78.8746,112.2443,73.0152,4.9781,4.0838,456.1363,2.382,17.7826,0.976,36.9
63.36,0.0844,89.588,87.7231,108.0881,77.5662,5.4891,4.0619,474.0365,2.5767,17.5952,0.9772,36.9
63.42,0.0825,96.1645,78.4297,107.4515,76.7854,5.6828,3.9625,431.2814,2.5899,17.0132,0.9781,36.9
63.46,0.0751,91.1177,82.432,108.5041,76.1693,5.2892,4.1227,357.9138,2.3914,17.8292,0.9708,36.9
63.52,0.0889,93.6181,77.9154,104.032,74.4188,5.4543,4.1322,367.1439,2.3108,16.9216,0.9736,36.9
63.56,0.0854,90.5437,78.6668,107.3452,76.442,5.3721,4.5257,470.1742,2.34,17.5543,0.9726,36.9
63.62,0.0937,95.3796,73.0604,106.8521,74.581,5.4948,3.83,496.5016,2.3077,18.1069,0.9749,36.9
63.66,0.0853,99.5012,76.1766,109.2554,74.7817,5.8447,4.6336,491.4479,2.2619,17.2442,0.9721,36.9
63.72,0.0749,93.8087,82.0261,109.1966,75.9861,5.193,3.9633,415.2794,2.4909,16.4754,0.9715,36.9
63.76,0.0762,94.2735,84.5405,110.8391,75.0118,5.5343,3.9555,475.4709,2.3516,18.0407,0.9795,36.9
63.82,0.0772,92.1816,80.7436,112.8949,74.6044,5.3712,4.1623,377.6206,2.2846,17.5844,0.976,36.9
63.86,0.0875,93.362,77.6428,108.9017,77.5732,5.5658,4.0238,359.1636,2.2937,18.6102,0.9756,36.9
63.92,0.0808,94.3693,84.0703,112.828,75.2477,5.6341,4.4729,405.3247,2.3622,18.1362,0.9684,36.9
63.96,0.0879,90.5174,82.2842,105.6782,73.4487,5.3954,4.546,394.3251,2.2704,18.2887,0.9696,36.9
64.02,0.0756,97.8008,80.1,108.054,77.378,5.0953,4.1755,474.1092,2.7684,17.23,0.974,36.9
64.06,0.0629,94.4689,81.7879,109.184,74.6084,5.4547,4.5703,541.666,2.3564,17.8744,0.9725,36.9
64.12,0.0801,95.4434,85.6913,110.9359,74.9469,5.2701,4.6569,400.9001,2.2503,17.2953,0.9725,36.9
64.16,0.0868,94.4152,85.0318,112.456,74.5758,4.7997,4.4242,385.2805,2.6848,17.537,0.9717,36.9
64.22,0.074,98.0673,81.8811,108.2167,76.6138,4.7604,3.9281,338.6411,2.6884,16.5009,0.9724,36.9
64.26,0.0899,95.5965,73.0295,112.5937,75.1529,5.8697,4.0928,403.699,2.3802,17.744,0.9714,36.9
64.32,0.0882,95.8505,90.7857,104.7997,77.2821,5.3503,4.2513,398.8114,2.3032,17.7685,0.9721,36.9
64.36,0.0764,94.6831,84.189,111.1279,79.9717,5.7883,4.0906,445.1792,2.5156,16.9018,0.9683,36.9
64.42,0.0762,98.775,81.8778,111.1625,76.8518,5.7818,4.7131,333.1998,2.8542,16.7919,0.973,36.9
64.46,0.0802,95.3974,82.4788,113.8164,77.0834,5.3939,4.3035,428.315,2.1918,17.1172,0.9736,36.9
64.52,0.0694,94.4636,86.028,110.6803,75.4898,5.4339,4.653,331.1867,2.2262,17.7757,0.9729,36.9
64.56,0.0833,96.8444,80.5131,107.1621,77.0511,5.4574,4.1401,414.444,2.204,18.3981,0.9735,36.9
64.62,0.0703,95.5828,78.6933,113.4667,77.5624,5.8903,4.3718,367.2229,2.6178,17.3776,0.9717,36.9
64.66,0.0705,99.2102,84.0023,116.0139,77.2948,5.4764,3.7581,392.8318,2.3376,17.9982,0.9742,36.9
64.72,0.0805,94.7266,78.7964,116.7719,75.6064,5.3664,3.9891,375.8491,2.4064,17.9783,0.9706,36.9
64.76,0.0844,99.713,73.5937,114.854,79.0267,5.5552,3.998,466.9837,2.4645,17.6917,0.9704,36.9
64.82,0.0876,95.7217,77.442,110.986,77.3177,5.3864,4.2814,319.227,2.2694,18.0017,0.9698,36.9
64.86,0.0838,95.018,82.7332,117.9942,75.5246,5.6907,4.3818,529.6842,2.5476,16.3418,0.9726,36.9
64.92,0.0891,94.5036,76.3715,111.713,78.3825,5.428,3.9995,345.9437,2.7448,17.1247,0.9698,36.9
64.96,0.0779,95.3186,82.9675,109.1629,77.7564,6.058,4.0292,378.9311,2.4215,18.0828,0.9704,36.9
65.02,0.0844,97.281,83.2158,110.8518,76.0927,5.4218,3.8185,339.1571,2.3984,17.9075,0.9702,36.9
65.06,0.0732,94.5668,71.395,118.3539,76.3023,5.4473,4.4134,365.1375,2.7167,17.9625,0.9715,36.9
65.12,0.0803,95.6688,77.3257,112.4773,75.403,5.6308,3.491,405.8405,2.5054,17.6752,0.9738,36.9
65.16,0.0814,97.3134,71.1448,110.0539,77.8465,5.4969,4.095,354.6891,2.7126,17.3726,0.9673,36.9
65.22,0.072,91.8718,78.344,117.2693,77.7978,5.1783,4.1061,495.5737,2.5101,16.8299,0.9706,36.9
65.26,0.0758,95.4736,79.1621,111.1441,75.1669,5.2072,4.3407,435.8055,2.4078,18.4996,0.9726,36.9
65.32,0.0723,97.0803,74.4165,116.8698,76.9674,5.4352,4.5568,414.9468,2.5284,16.4016,0.9783,36.9
65.36,0.0737,95.0591,72.235,112.592,76.9227,5.7774,4.2656,407.0042,2.783,17.4321,0.9751,36.9
65.42,0.0787,94.8791,76.6154,113.9643,75.8744,5.2696,4.1683,403.7119,2.8109,17.4743,0.9751,36.9
65.46,0.0887,91.2006,83.3162,122.765,75.5753,5.5978,4.0503,390.4151,2.6494,17.2656,0.9739,36.9
65.52,0.0774,92.8475,73.856,113.8395,79.917,5.4822,4.4184,402.8929,2.9554,16.6854,0.9705,36.9
65.56,0.0699,94.2375,67.308,106.0601,78.2203,5.1085,4.4798,423.8539,2.9463,17.7621,0.9742,36.9
65.62,0.0888,94.3536,79.6568,112.177,76.6439,5.7339,3.646,375.9182,2.3315,17.109,0.9751,36.9
65.66,0.0618,97.2252,76.1286,110.346,77.1186,5.2857,4.4703,408.2349,2.2512,16.8544,0.975,36.9
65.72,0.0831,94.5126,80.7944,116.7282,77.6123,5.4331,4.205,319.6922,2.655,17.4682,0.9765,36.9
65.76,0.081,98.7,75.8066,114.5542,77.1041,5.5286,4.5724,409.9195,2.7218,16.8802,0.975,36.9
65.82,0.0718,96.1712,76.3237,112.6693,77.1396,6.0515,4.4472,441.878,2.3097,17.8247,0.9759,36.9
65.86,0.0801,97.6558,74.951,112.8942,76.6754,5.3314,4.1513,391.9918,2.2882,17.3332,0.9702,36.9
65.92,0.0809,94.4135,82.5212,110.6895,76.056,5.551,4.1033,397.5128,2.4387,17.3261,0.9728,36.9
65.96,0.0669,98.1498,76.6939,121.7545,79.5327,5.6874,3.9953,424.8442,2.286,17.0652,0.9737,36.9
66.02,0.0825,98.17,70.7465,111.8751,76.6797,6.469,3.8935,420.0512,2.5423,16.9141,0.975,36.9
66.06,0.0899,98.6045,72.1369,112.9229,77.8428,5.7229,4.29,421.5077,2.4229,16.8513,0.9744,36.9
66.12,0.0738,97.5086,76.446,112.1616,77.3458,5.3839,4.312,419.648,2.4188,17.4651,0.971,36.9
66.16,0.0848,94.2517,65.2159,113.2596,75.7152,5.8416,4.5888,477.9246,2.6824,16.9651,0.9725,36.9
66.22,0.0776,96.9346,80.5673,112.7394,78.6098,5.6554,3.7359,430.0035,2.3023,17.1573,0.9724,36.9
66.26,0.0737,98.009,75.4699,120.6964,77.8229,5.5998,4.3995,439.4326,2.232,17.5082,0.9701,36.9
66.32,0.0712,97.7137,67.2053,116.983,77.6876,5.6128,4.5217,388.1555,2.4399,16.9442,0.9739,36.9
66.36,0.0755,98.3405,73.7261,113.3685,75.3924,5.8994,4.2168,461.4545,2.364,18.3126,0.9697,36.9
66.42,0.0854,96.5742,82.7702,111.6527,77.8905,5.5901,4.424,442.7873,2.2428,17.3784,0.9714,36.9
66.46,0.0734,100.9737,72.3171,110.1747,78.3899,5.8024,3.9816,519.0805,2.37,17.2307,0.9786,36.9
66.52,0.0729,99.1113,77.3124,117.291,75.9026,5.3938,4.1414,461.3753,2.2779,17.4525,0.9745,36.9
66.56,0.0752,99.8582,70.7797,113.8827,77.8781,5.8927,3.9749,399.9758,2.4654,17.4478,0.9703,36.9
66.62,0.0663,97.4033,72.5096,112.2301,78.9525,5.8846,3.999,498.1371,1.9417,17.093,0.9704,36.9
66.66,0.0796,95.7922,73.0774,113.7976,73.7021,5.5875,4.1775,426.6875,2.4239,16.994,0.9732,36.9
66.72,0.0783,98.6478,71.6257,110.9729,77.6333,5.4317,3.7392,403.2124,2.2259,17.1321,0.973,36.9
66.76,0.0758,99.8945,81.0984,117.1917,76.4491,5.8101,4.6907,505.1376,2.1178,17.7298,0.9742,36.9
66.82,0.076,97.1121,73.2557,115.7944,78.8509,6.0611,4.2445,363.3602,2.2723,18.3907,0.9744,36.9
66.86,0.0842,96.9868,82.5741,115.311,77.4336,5.466,4.0576,555.7775,2.4127,17.4533,0.9733,36.9
66.92,0.0736,94.4183,77.7448,113.8545,77.0259,5.6564,4.0822,348.1023,2.3763,17.7532,0.9678,36.9
66.96,0.075,99.5139,71.6492,112.2508,78.0576,5.2479,3.9349,462.7978,2.5948,16.333,0.9708,36.9
67.02,0.0667,95.2108,75.0947,117.241,78.3481,5.4665,3.9607,407.5081,2.4527,17.9462,0.9708,36.9
67.06,0.0721,95.5402,80.1919,113.7881,76.2138,5.4965,4.0984,395.9491,2.2631,16.1736,0.9787,36.9
67.12,0.0794,97.9862,74.6049,121.5334,76.4187,5.4378,3.8178,412.4538,2.3696,16.6207,0.9723,36.9
67.16,0.0791,98.8381,73.4832,113.4855,77.3673,5.7235,4.4427,325.3382,2.1073,17.0712,0.9735,36.9
67.22,0.078,96.5226,73.0919,120.3653,76.3646,5.3162,4.0247,361.6402,2.364,17.3847,0.9732,36.9
67.26,0.0844,98.4831,77.0527,111.3411,76.6687,5.9639,4.4801,450.8599,2.3815,17.3954,0.9721,36.9
67.32,0.079,103.2844,69.9896,122.4799,76.1555,5.8689,4.1037,497.7029,2.3223,16.9248,0.9702,36.9
67.36,0.0721,99.9743,79.8173,119.3557,78.1371,5.5017,3.9605,324.3696,2.3403,17.0884,0.9715,36.9
67.42,0.0889,98.0355,80.5773,113.1778,78.2971,5.2457,4.3138,425.475,2.7952,16.6046,0.9738,36.9
67.46,0.0772,98.036,72.1489,115.7518,78.7561,5.9691,4.2777,341.9207,2.3657,16.8604,0.9725,36.9
67.52,0.0704,99.448,76.8004,115.1546,77.6503,5.4565,3.8779,426.5065,2.5667,17.4895,0.9729,36.9
67.56,0.0869,100.6236,79.578,116.7872,78.2095,5.639,3.7746,398.6118,2.1754,17.7392,0.972,36.9
67.62,0.0802,98.5871,73.3818,114.3648,76.6302,5.5434,3.8618,391.5501,2.5303,17.3309,0.971,36.9
67.66,0.0877,98.9584,64.2136,119.7609,75.6481,5.5071,4.1584,426.5008,2.1305,18.2481,0.9738,36.9
67.72,0.0679,93.8235,76.5754,116.0669,79.0038,5.8424,3.8998,509.1963,2.2589,16.9584,0.9735,36.9
67.76,0.08,93.5871,71.9113,113.9891,78.7963,5.9881,3.9274,365.7257,2.5734,18.1981,0.9743,36.9
67.82,0.0798,100.0603,77.3095,111.6706,79.5112,5.6211,4.4037,405.3159,2.3145,17.8912,0.9708,36.9
67.86,0.0786,96.8415,71.9979,111.9469,77.2198,5.6124,4.4079,342.1401,2.5219,17.6535,0.97,36.9
67.92,0.0686,95.6016,77.531,112.1612,78.0979,5.3373,4.1484,473.4735,2.4052,16.7082,0.9711,36.9
67.96,0.0869,102.8611,72.3837,114.6837,78.7115,5.888,4.3491,453.1902,2.2131,17.3882,0.9744,36.9
68.02,0.075,98.5359,70.3779,115.0094,76.2941,5.9426,3.863,366.7096,2.3326,17.4992,0.972,36.9
68.06,0.0743,99.3141,64.1155,114.24,77.3133,5.8975,4.0894,421.3262,2.2095,16.8758,0.9745,36.9
68.12,0.0706,93.9313,79.0225,115.4587,79.1242,5.7267,4.4006,411.7986,2.6718,17.4837,0.9715,36.9
68.16,0.0682,99.748,76.6556,116.47,76.3011,5.5416,4.0394,439.0963,2.3065,17.19,0.9701,36.9
68.22,0.0703,93.8691,75.3822,113.069,76.7902,5.6337,4.0261,478.5083,2.3374,17.135,0.9771,36.9
68.26,0.0745,94.4506,73.4887,112.2418,75.6213,6.0424,3.8228,390.4643,2.3036,16.6139,0.9732,36.9
68.32,0.0852,98.4489,74.8479,118.0906,79.2972,5.2882,4.0082,582.3801,2.2397,18.2481,0.9715,36.9
68.36,0.0811,99.2183,73.3156,114.6853,76.8758,5.9322,3.906,492.8229,2.3032,18.2185,0.97,36.9
68.42,0.0763,97.493,74.7697,116.9351,76.9348,5.8436,4.1671,455.0088,2.5186,17.9204,0.9681,36.9
68.46,0.0714,102.2938,78.8092,114.8642,77.9023,5.5699,4.2445,423.8673,2.2731,17.532,0.9695,36.9
68.52,0.0672,93.3507,71.9713,114.4883,75.6326,5.7282,4.0327,400.8993,2.4031,18.0473,0.9705,36.9
68.56,0.0791,97.3379,69.3589,121.2473,77.7496,5.9261,4.3644,360.8614,2.3677,16.7894,0.9736,36.9
68.62,0.0685,100.0256,70.029,110.6187,78.0391,5.9408,4.0164,474.7354,2.3321,17.6553,0.9716,36.9
68.66,0.0818,97.3741,68.166,113.1973,77.2318,5.8344,3.6078,430.8903,2.3,17.551,0.9725,36.9
68.72,0.066,98.8539,75.1584,113.8624,75.862,5.9916,4.4748,421.0931,2.415,16.9443,0.9734,36.9
68.76,0.0768,95.1539,68.468,115.7213,78.0809,5.945,4.4245,371.8952,2.6016,17.3711,0.9713,36.9
68.82,0.0877,94.8938,78.0965,111.7239,77.6561,5.7206,4.1202,417.6741,2.5786,17.7715,0.9706,36.9
68.86,0.0693,103.5842,70.0699,108.4246,78.3775,5.5618,4.342,474.7055,3.0383,17.018,0.9738,36.9
68.92,0.0713,100.3035,73.6451,116.2995,76.0622,5.945,3.7873,482.5068,2.7678,17.9941,0.97,36.9
68.96,0.0715,100.0852,75.873,117.8794,78.6714,5.981,3.7121,380.6348,2.899,17.1093,0.9722,36.9
69.02,0.0735,95.9114,73.1142,113.9274,78.1535,5.6013,4.5518,439.2461,2.8011,16.8198,0.9755,36.9
69.06,0.0742,99.9769,70.1191,109.5451,78.2015,6.1949,3.9671,461.9593,2.7923,17.6133,0.9686,36.9
69.12,0.0792,100.3191,75.8485,108.5927,77.6929,5.8259,4.4385,404.275,2.6314,18.1164,0.9764,36.9
69.16,0.0875,97.4559,70.9368,117.7653,76.8225,5.3536,3.8007,477.5003,2.6244,17.4713,0.974,36.9
69.22,0.0835,91.7097,70.8195,113.7136,77.0938,5.9772,3.8087,419.758,2.7277,17.0071,0.9693,36.9
69.26,0.0689,97.567,73.2552,116.4251,74.803,6.091,3.8883,435.1485,2.6676,17.5615,0.9704,36.9
69.32,0.0874,100.9196,67.5659,110.6906,78.2227,5.397,4.5284,481.8372,2.7275,17.1595,0.9728,36.9
69.36,0.0718,97.4093,71.8809,113.1937,77.1958,5.7714,4.3779,497.9359,2.579,17.9654,0.9742,36.9
69.42,0.0639,96.3832,71.3808,112.961,76.6043,5.8902,3.8357,445.8615,2.4434,18.1024,0.9673,36.9
69.46,0.0802,98.0968,68.5542,122.1176,75.8024,5.5838,4.0964,434.813,2.7178,17.6503,0.9729,36.9
69.52,0.0648,98.5436,71.1723,115.7431,74.8115,6.1545,4.0363,496.2259,2.1824,17.6139,0.9724,36.9
69.56,0.0782,95.1355,78.9596,115.3335,74.6446,5.9882,4.3,469.8995,2.6491,18.0788,0.974,36.9
69.62,0.0659,94.3281,70.2449,111.0443,78.1756,5.6004,4.0048,429.2762,2.2773,16.3796,0.9748,36.9
69.66,0.0711,98.7135,76.6744,119.3146,76.347,6.0562,3.8674,392.0811,2.3989,17.0646,0.9711,36.9
69.72,0.0778,101.4362,75.4824,123.2971,74.9781,5.7649,4.2429,357.9807,2.5121,17.0995,0.9707,36.9
69.76,0.0826,100.5513,67.1078,117.6492,74.6411,5.7126,4.8886,432.67,2.8206,17.9647,0.9711,36.9
69.82,0.09,96.393,68.4752,120.5909,78.5762,5.3208,3.8392,494.512,2.2948,18.594,0.9736,36.9
69.86,0.0619,95.5121,67.1879,117.6,78.2876,5.6659,4.2256,517.6059,2.3947,18.2055,0.9703,36.9
69.92,0.0685,99.4723,71.8674,117.1568,76.994,6.0407,4.35,387.8145,2.1462,17.4585,0.9703,36.9
69.96,0.084,94.1612,67.4567,118.6295,75.9831,5.5229,4.004,455.8633,2.5938,17.4531,0.9717,36.9
70.02,0.0725,95.49,79.9178,118.3714,76.4872,5.7489,4.0677,428.7047,2.3209,17.4416,0.9719,36.9
70.06,0.0776,92.7895,69.8836,114.2365,74.6921,6.0514,3.9359,409.0433,2.4834,17.3214,0.9709,36.9
